1536, 0.002432
50688, 0.0021504
99840, 0.0022528
148992, 0.00256
198144, 0.0028672
247296, 0.0029504
296448, 0.0047104
345600, 0.0048992
394752, 0.0049888
443904, 0.0050176
493056, 0.00512
542208, 0.0056352
591360, 0.0058144
640512, 0.0058368
689664, 0.0059392
738816, 0.0061536
787968, 0.0074752
837120, 0.0094208
886272, 0.0106528
935424, 0.0113664
984576, 0.0123904
1033728, 0.013312
1082880, 0.0137216
1132032, 0.014128
1181184, 0.01536
1230336, 0.0164864
1279488, 0.0173056
1328640, 0.0178176
1377792, 0.0195584
1426944, 0.0191488
1476096, 0.0196608
1525248, 0.019968
1574400, 0.0206848
1623552, 0.0214016
1672704, 0.0222176
1721856, 0.022528
1771008, 0.0226592
1820160, 0.0232448
1869312, 0.0236544
1918464, 0.024064
1967616, 0.024384
2016768, 0.0253952
2065920, 0.0257984
2115072, 0.0269312
2164224, 0.0263264
2213376, 0.0272384
2262528, 0.0274432
2311680, 0.0282624
2360832, 0.0292864
2409984, 0.029184
2459136, 0.0297984
2508288, 0.0303104
2557440, 0.0311296
2606592, 0.031232
2655744, 0.0329664
2704896, 0.0316704
2754048, 0.0321536
2803200, 0.0325536
2852352, 0.03328
2901504, 0.0340864
2950656, 0.0338976
2999808, 0.0344064
3048960, 0.0356352
3098112, 0.0372736
