1536, 0.004608
50688, 0.0070656
99840, 0.0077824
148992, 0.0083968
198144, 0.0089088
247296, 0.0095232
296448, 0.0103424
345600, 0.0108416
394752, 0.0118784
443904, 0.0116736
493056, 0.011776
542208, 0.0125952
591360, 0.0120832
640512, 0.0125952
689664, 0.0128
738816, 0.0132832
787968, 0.0139264
837120, 0.0149504
886272, 0.0166912
935424, 0.01792
984576, 0.0185344
1033728, 0.0193536
1082880, 0.0203424
1132032, 0.0207872
1181184, 0.0211968
1230336, 0.0221824
1279488, 0.022016
1328640, 0.0233472
1377792, 0.0236544
1426944, 0.024576
1476096, 0.024576
1525248, 0.0252928
1574400, 0.0259072
1623552, 0.0262144
1672704, 0.0270336
1721856, 0.027136
1771008, 0.0277504
1820160, 0.0282624
1869312, 0.0289792
1918464, 0.0297696
1967616, 0.03072
2016768, 0.03072
2065920, 0.0313344
2115072, 0.032256
2164224, 0.0325632
2213376, 0.033792
2262528, 0.0345088
2311680, 0.0355008
2360832, 0.0363328
2409984, 0.0362496
2459136, 0.038208
2508288, 0.0364544
2557440, 0.037888
2606592, 0.0374784
2655744, 0.0386048
2704896, 0.0391168
2754048, 0.0400384
2803200, 0.0399232
2852352, 0.0411648
2901504, 0.0413696
2950656, 0.0421888
2999808, 0.0428032
3048960, 0.0434176
3098112, 0.0444416
