1536, 0.0043008
50688, 0.0055232
99840, 0.0057344
148992, 0.0065184
198144, 0.0069632
247296, 0.0073728
296448, 0.0075776
345600, 0.0078848
394752, 0.0083968
443904, 0.0082944
493056, 0.0084992
542208, 0.008992
591360, 0.0089088
640512, 0.009488
689664, 0.0096256
738816, 0.0100352
787968, 0.0100352
837120, 0.0115712
886272, 0.013312
935424, 0.013824
984576, 0.0147456
1033728, 0.014848
1082880, 0.0154624
1132032, 0.0161792
1181184, 0.0161792
1230336, 0.016384
1279488, 0.0167936
1328640, 0.0176128
1377792, 0.01792
1426944, 0.0191488
1476096, 0.0197632
1525248, 0.0206848
1574400, 0.021312
1623552, 0.0222208
1672704, 0.0222208
1721856, 0.0232448
1771008, 0.0231424
1820160, 0.0241664
1869312, 0.0239616
1918464, 0.0258048
1967616, 0.0250848
2016768, 0.0268288
2065920, 0.0258336
2115072, 0.0282624
2164224, 0.0269312
2213376, 0.0294912
2262528, 0.0277504
2311680, 0.0287744
2360832, 0.0306176
2409984, 0.0313344
2459136, 0.0321536
2508288, 0.0316416
2557440, 0.0315264
2606592, 0.0316416
2655744, 0.0320512
2704896, 0.0319488
2754048, 0.0330752
2803200, 0.0328704
2852352, 0.0345888
2901504, 0.0342016
2950656, 0.034816
2999808, 0.0350208
3048960, 0.0358688
3098112, 0.0358592
