1536, 0.003392
50688, 0.01024
99840, 0.016384
148992, 0.024672
198144, 0.031808
247296, 0.038912
296448, 0.047104
345600, 0.053248
394752, 0.06128
443904, 0.068608
493056, 0.076608
542208, 0.081984
591360, 0.090112
640512, 0.099328
689664, 0.104448
738816, 0.110592
787968, 0.119808
837120, 0.126976
886272, 0.136192
935424, 0.142336
984576, 0.152576
1033728, 0.15856
1082880, 0.166272
1132032, 0.171008
1181184, 0.180224
1230336, 0.18432
1279488, 0.19456
1328640, 0.199904
1377792, 0.207872
1426944, 0.212192
1476096, 0.221184
1525248, 0.22528
1574400, 0.247808
1623552, 0.242688
1672704, 0.25088
1721856, 0.260096
1771008, 0.265216
1820160, 0.274432
1869312, 0.280576
1918464, 0.289504
1967616, 0.294912
2016768, 0.305152
2065920, 0.310272
2115072, 0.31744
2164224, 0.323584
2213376, 0.330752
2262528, 0.339968
2311680, 0.347136
2360832, 0.353248
2409984, 0.36352
2459136, 0.368672
2508288, 0.376832
2557440, 0.385024
2606592, 0.390144
2655744, 0.396288
2704896, 0.402432
2754048, 0.416768
2803200, 0.420864
2852352, 0.428032
2901504, 0.43008
2950656, 0.44032
2999808, 0.446464
3048960, 0.457792
3098112, 0.459776
