1536, 0.0036864
50688, 0.0114688
99840, 0.0182272
148992, 0.0252992
198144, 0.0331776
247296, 0.039936
296448, 0.0472064
345600, 0.0538624
394752, 0.061952
443904, 0.0689152
493056, 0.0765952
542208, 0.083456
591360, 0.091648
640512, 0.0986112
689664, 0.106906
738816, 0.113562
787968, 0.121725
837120, 0.130458
886272, 0.139878
935424, 0.147149
984576, 0.155955
1033728, 0.162742
1082880, 0.171725
1132032, 0.178666
1181184, 0.187574
1230336, 0.192922
1279488, 0.200685
1328640, 0.250061
1377792, 0.215552
1426944, 0.22487
1476096, 0.230707
1525248, 0.240947
1574400, 0.246461
1623552, 0.256819
1672704, 0.304742
1721856, 0.274022
1771008, 0.37632
1820160, 0.333722
1869312, 0.294605
1918464, 0.37161
1967616, 0.309965
2016768, 0.318435
2065920, 0.324915
2115072, 0.3332
2164224, 0.340685
2213376, 0.347955
2262528, 0.354397
2311680, 0.360982
2360832, 0.418611
2409984, 0.375603
2459136, 0.382464
2508288, 0.390656
2557440, 0.455885
2606592, 0.405914
2655744, 0.565546
2704896, 0.525722
2754048, 0.426906
2803200, 0.434176
2852352, 0.50953
2901504, 0.610816
2950656, 0.515251
2999808, 0.463667
3048960, 0.625152
3098112, 0.521216
