1536, 0.0065536
50688, 0.0073728
99840, 0.0075776
148992, 0.0082944
198144, 0.0085152
247296, 0.008576
296448, 0.0090112
345600, 0.0093184
394752, 0.0100224
443904, 0.0098304
493056, 0.0114432
542208, 0.01024
591360, 0.0110592
640512, 0.0106496
689664, 0.0108544
738816, 0.0111616
787968, 0.0128
837120, 0.0150528
886272, 0.0162464
935424, 0.0173056
984576, 0.0173056
1033728, 0.0180224
1082880, 0.0182272
1132032, 0.018432
1181184, 0.0206848
1230336, 0.02048
1279488, 0.0205824
1328640, 0.022224
1377792, 0.023344
1426944, 0.0263168
1476096, 0.0268288
1525248, 0.0286912
1574400, 0.0320512
1623552, 0.0338944
1672704, 0.035328
1721856, 0.0374784
1771008, 0.038912
1820160, 0.0402432
1869312, 0.041472
1918464, 0.0428032
1967616, 0.0457408
2016768, 0.0503808
2065920, 0.0485376
2115072, 0.0476064
2164224, 0.0484352
2213376, 0.050176
2262528, 0.0512
2311680, 0.0512
2360832, 0.0524288
2409984, 0.0530432
2459136, 0.054272
2508288, 0.0552928
2557440, 0.0562176
2606592, 0.0574464
2655744, 0.0581632
2704896, 0.05888
2754048, 0.0602016
2803200, 0.0611328
2852352, 0.0622528
2901504, 0.0627712
2950656, 0.064
2999808, 0.0644096
3048960, 0.0653312
3098112, 0.0680096
