64, 0.0028672
96, 0.0024576
128, 0.0026624
160, 0.0026624
192, 0.0026624
224, 0.0027648
256, 0.0028672
288, 0.0029696
320, 0.0029696
352, 0.003088
384, 0.0032768
416, 0.0033792
448, 0.0033792
480, 0.0034816
512, 0.0034816
544, 0.0036864
576, 0.0037888
608, 0.0038912
640, 0.0039936
672, 0.004096
704, 0.004096
736, 0.004096
768, 0.0043008
800, 0.0043008
832, 0.00512
864, 0.0044032
896, 0.004608
928, 0.004608
960, 0.0048128
992, 0.0047104
1024, 0.0049152
1056, 0.0050176
1088, 0.00512
1120, 0.00512
1152, 0.0052224
1184, 0.0055296
1216, 0.0054272
1248, 0.0055296
1280, 0.005632
1312, 0.0056352
1344, 0.0057344
1376, 0.0057344
1408, 0.0059392
1440, 0.0060416
1472, 0.0060416
1504, 0.0060416
1536, 0.006144
1568, 0.0062464
1600, 0.0063488
1632, 0.0064512
1664, 0.0065536
1696, 0.0065536
1728, 0.0067584
1760, 0.0067584
1792, 0.0068608
1824, 0.0068608
1856, 0.0073728
1888, 0.0070656
1920, 0.0070656
1952, 0.0072704
1984, 0.0072704
2016, 0.0074752
2048, 0.0074752
2080, 0.0075776
2112, 0.0075936
2144, 0.00768
2176, 0.0078848
2208, 0.0078848
2240, 0.0079872
2272, 0.0081056
2304, 0.008192
2336, 0.008192
2368, 0.0082944
2400, 0.0082944
2432, 0.0084992
2464, 0.0086016
2496, 0.0086016
2528, 0.008704
2560, 0.0090112
2592, 0.0089088
2624, 0.0090112
2656, 0.0090112
2688, 0.0091136
2720, 0.009216
2752, 0.0093184
2784, 0.0094208
2816, 0.0096256
2848, 0.009728
2880, 0.009728
2912, 0.009728
2944, 0.0098304
2976, 0.0099488
3008, 0.0100352
3040, 0.0101376
3072, 0.01024
3104, 0.01016
3136, 0.0103424
3168, 0.0104448
3200, 0.0105472
3232, 0.0105472
3264, 0.0106496
3296, 0.0106496
3328, 0.010752
3360, 0.0108544
3392, 0.0108544
3424, 0.0109568
3456, 0.0109856
3488, 0.0110592
3520, 0.0111616
3552, 0.011264
3584, 0.0114688
3616, 0.0113664
3648, 0.0115712
3680, 0.0115712
3712, 0.0116736
3744, 0.011776
3776, 0.0118784
3808, 0.0118784
3840, 0.0119808
3872, 0.0119808
3904, 0.0121856
3936, 0.012288
3968, 0.0123904
4000, 0.0123904
4032, 0.0124928
4064, 0.0125952
4096, 0.0128
4128, 0.0128
4160, 0.0128
4192, 0.0129024
4224, 0.0129024
4256, 0.0130048
4288, 0.0131072
4320, 0.013312
4352, 0.013312
4384, 0.0134144
4416, 0.0135168
4448, 0.0134144
4480, 0.0136192
4512, 0.0137216
4544, 0.013824
4576, 0.013824
4608, 0.0142336
4640, 0.0140288
4672, 0.0141312
4704, 0.0142336
4736, 0.014336
4768, 0.0142336
4800, 0.0144384
4832, 0.0145408
4864, 0.0146432
4896, 0.0147456
4928, 0.0157696
4960, 0.0148608
4992, 0.0150528
5024, 0.0151552
5056, 0.0152576
5088, 0.0152576
5120, 0.0152576
5152, 0.01536
5184, 0.0154624
5216, 0.0155648
5248, 0.0155648
5280, 0.0156672
5312, 0.015872
5344, 0.015872
5376, 0.0159744
5408, 0.0159744
5440, 0.0161792
5472, 0.0161792
5504, 0.016288
5536, 0.016384
5568, 0.0165888
5600, 0.0164864
5632, 0.0166912
5664, 0.0166912
5696, 0.0167936
5728, 0.0167936
5760, 0.0170144
5792, 0.0171008
5824, 0.0172032
5856, 0.0172032
5888, 0.0172032
5920, 0.0173056
5952, 0.017408
5984, 0.017536
6016, 0.0175104
6048, 0.0176128
6080, 0.0177152
6112, 0.0178176
6144, 0.01792
6176, 0.01792
6208, 0.018464
6240, 0.0182272
6272, 0.0182272
6304, 0.0183296
6336, 0.018432
6368, 0.0185344
6400, 0.0185344
6432, 0.0186368
6464, 0.0188416
6496, 0.0187392
6528, 0.018944
6560, 0.0188416
6592, 0.0190464
6624, 0.0191488
6656, 0.0191488
6688, 0.0192512
6720, 0.019456
6752, 0.0201728
6784, 0.0196608
6816, 0.0197632
6848, 0.0198656
6880, 0.019968
6912, 0.019968
6944, 0.0200704
6976, 0.0201728
7008, 0.0201728
7040, 0.0201728
7072, 0.0202752
7104, 0.0203776
7136, 0.0203776
7168, 0.02048
7200, 0.0205824
7232, 0.0206848
7264, 0.0207872
7296, 0.020992
7328, 0.020992
7360, 0.020992
7392, 0.0210944
7424, 0.0211968
7456, 0.0212992
7488, 0.0214016
7520, 0.0214016
7552, 0.0216064
7584, 0.0216064
7616, 0.0217088
7648, 0.0217088
7680, 0.0219136
7712, 0.022016
7744, 0.0220192
7776, 0.0220416
7808, 0.0221504
7840, 0.0223232
7872, 0.0224256
7904, 0.0224256
7936, 0.0224256
7968, 0.022528
8000, 0.0227328
8032, 0.0236544
8064, 0.0228352
8096, 0.0229376
8128, 0.02304
8160, 0.0231424
8192, 0.0232448
8224, 0.0232448
8256, 0.0234496
8288, 0.0234496
8320, 0.023552
8352, 0.0236672
8384, 0.0237568
8416, 0.0239616
8448, 0.0239616
8480, 0.0239616
8512, 0.024064
8544, 0.024064
8576, 0.0242688
8608, 0.0242688
8640, 0.0243712
8672, 0.0243616
8704, 0.0244736
8736, 0.0244736
8768, 0.0246784
8800, 0.0246784
8832, 0.0247808
8864, 0.0248832
8896, 0.0249856
8928, 0.025088
8960, 0.0251904
8992, 0.0252096
9024, 0.0252928
9056, 0.0254048
9088, 0.0253952
9120, 0.0254976
9152, 0.0256
9184, 0.0256
9216, 0.0258048
9248, 0.0258048
9280, 0.0259072
9312, 0.026112
9344, 0.0262144
9376, 0.0262144
9408, 0.0262144
9440, 0.0272384
9472, 0.0265216
9504, 0.0265216
9536, 0.026624
9568, 0.0267264
9600, 0.0268288
9632, 0.0268288
9664, 0.0269312
9696, 0.0270336
9728, 0.027136
9760, 0.0272384
9792, 0.0274432
9824, 0.0274432
9856, 0.0274592
9888, 0.0274752
9920, 0.02888
9952, 0.027648
9984, 0.0277504
10016, 0.0278528
10048, 0.0279552
10080, 0.0279552
10112, 0.02816
10144, 0.02816
10176, 0.0282624
10208, 0.0283648
10240, 0.0284672
10272, 0.0285696
10304, 0.0285696
10336, 0.028672
10368, 0.0287744
10400, 0.0288768
10432, 0.0289792
10464, 0.0289792
10496, 0.0290816
10528, 0.029184
10560, 0.0292864
10592, 0.0292864
10624, 0.0294912
10656, 0.0294912
10688, 0.0294912
10720, 0.029696
10752, 0.029696
10784, 0.0297984
10816, 0.0299008
10848, 0.0299008
10880, 0.0300032
10912, 0.0301056
10944, 0.030208
10976, 0.0303104
11008, 0.0303104
11040, 0.0304128
11072, 0.0306176
11104, 0.03072
11136, 0.0308224
11168, 0.0308224
11200, 0.031232
11232, 0.0309248
11264, 0.0310272
11296, 0.0311296
11328, 0.031232
11360, 0.031232
11392, 0.0313344
11424, 0.0314368
11456, 0.0314368
11488, 0.0316416
11520, 0.031744
11552, 0.031744
11584, 0.0319488
11616, 0.0319488
11648, 0.0319808
11680, 0.0320512
11712, 0.0321536
11744, 0.032256
11776, 0.0323584
11808, 0.0324608
11840, 0.0324608
11872, 0.0325632
11904, 0.0326656
11936, 0.032768
11968, 0.0328704
12000, 0.0328704
12032, 0.0330752
12064, 0.0329728
12096, 0.03328
12128, 0.0331776
12160, 0.0332928
12192, 0.0334848
12224, 0.0335872
12256, 0.0336896
12288, 0.0338944
12320, 0.0338944
12352, 0.0338944
12384, 0.033904
12416, 0.0340992
12448, 0.0340992
12480, 0.0342016
12512, 0.034304
12544, 0.0344064
12576, 0.0344064
12608, 0.0345088
12640, 0.0346112
12672, 0.0346112
12704, 0.034816
12736, 0.0319488
12768, 0.0306176
12800, 0.03072
12832, 0.03072
12864, 0.0308224
12896, 0.0308224
12928, 0.0310272
12960, 0.0311296
12992, 0.0311296
13024, 0.0313344
13056, 0.0314368
13088, 0.0314368
13120, 0.0315392
13152, 0.0316416
13184, 0.0316416
13216, 0.031744
13248, 0.031744
13280, 0.0318464
13312, 0.0319488
13344, 0.0319488
13376, 0.0321536
13408, 0.0321536
13440, 0.0322912
13472, 0.0323584
13504, 0.032384
13536, 0.0324608
13568, 0.0325632
13600, 0.0324992
13632, 0.032768
13664, 0.032768
13696, 0.032784
13728, 0.0328704
13760, 0.0328704
13792, 0.0329728
13824, 0.0336896
13856, 0.0331776
13888, 0.03328
13920, 0.03328
13952, 0.0333824
13984, 0.0334848
14016, 0.0335872
14048, 0.0335872
14080, 0.0336896
14112, 0.0335872
14144, 0.033792
14176, 0.0338944
14208, 0.0338944
14240, 0.0338944
14272, 0.0340992
14304, 0.0340992
14336, 0.0342016
14368, 0.03424
14400, 0.0344064
14432, 0.0344064
14464, 0.0345088
14496, 0.0345088
14528, 0.0346112
14560, 0.0346176
14592, 0.0349184
14624, 0.0350208
14656, 0.0350208
14688, 0.0351232
14720, 0.035152
14752, 0.0351392
14784, 0.035328
14816, 0.0354304
14848, 0.0354304
14880, 0.0354304
14912, 0.0355328
14944, 0.0356352
14976, 0.0357376
15008, 0.0357376
15040, 0.03584
15072, 0.03584
15104, 0.0359424
15136, 0.0359424
15168, 0.0361472
15200, 0.0362496
15232, 0.0361472
15264, 0.0362496
15296, 0.0363616
15328, 0.036352
15360, 0.0365568
15392, 0.0365568
15424, 0.0366592
15456, 0.0371712
15488, 0.0367616
15520, 0.0367616
15552, 0.0369664
15584, 0.0370688
15616, 0.0371712
15648, 0.0370688
15680, 0.0390144
15712, 0.037376
15744, 0.0375808
15776, 0.0374784
15808, 0.0374784
15840, 0.0375808
15872, 0.0376832
15904, 0.0377856
15936, 0.037888
15968, 0.037888
16000, 0.0379904
16032, 0.0380928
16064, 0.0380928
16096, 0.0381952
16128, 0.0382976
16160, 0.0382976
16192, 0.0384
16224, 0.0384
16256, 0.0386048
16288, 0.0387072
16320, 0.0387072
16352, 0.0387072
16384, 0.0391168
16416, 0.038912
16448, 0.038912
16480, 0.0390144
16512, 0.0391168
16544, 0.0391552
16576, 0.0392192
16608, 0.0393216
16640, 0.039424
16672, 0.039424
16704, 0.0395264
16736, 0.0395264
16768, 0.0397312
16800, 0.039936
16832, 0.0398336
16864, 0.0398336
16896, 0.0400384
16928, 0.0400384
16960, 0.0401408
16992, 0.0401536
17024, 0.0402432
17056, 0.0403456
17088, 0.040448
17120, 0.0405504
17152, 0.0410624
17184, 0.0406528
17216, 0.0406528
17248, 0.0407552
17280, 0.04096
17312, 0.0408576
17344, 0.04096
17376, 0.0410624
17408, 0.0411648
17440, 0.0411648
17472, 0.0412672
17504, 0.0413696
17536, 0.0413696
17568, 0.041472
17600, 0.0415744
17632, 0.0415744
17664, 0.0417792
17696, 0.0418816
17728, 0.0418816
17760, 0.041984
17792, 0.0421888
17824, 0.0420864
17856, 0.0421888
17888, 0.0421888
17920, 0.0422912
17952, 0.0423936
17984, 0.042496
18016, 0.042496
18048, 0.0425984
18080, 0.0426272
18112, 0.0428032
18144, 0.0428032
18176, 0.0429056
18208, 0.0429056
18240, 0.043008
18272, 0.043008
18304, 0.0432128
18336, 0.0432128
18368, 0.0433152
18400, 0.0433152
18432, 0.04352
18464, 0.0434176
18496, 0.0436224
18528, 0.0436224
18560, 0.0437248
18592, 0.0438272
18624, 0.043936
18656, 0.0439296
18688, 0.044032
18720, 0.0441344
18752, 0.0443392
18784, 0.0443392
18816, 0.0443392
18848, 0.0443392
18880, 0.044544
18912, 0.044544
18944, 0.044544
18976, 0.0446464
19008, 0.0447488
19040, 0.0447488
19072, 0.0448512
19104, 0.0449536
19136, 0.044976
19168, 0.0451584
19200, 0.0451584
19232, 0.0452608
19264, 0.0452608
19296, 0.0453632
19328, 0.0454656
19360, 0.0453632
19392, 0.045568
19424, 0.045568
19456, 0.045568
19488, 0.0457728
19520, 0.0457728
19552, 0.0458016
19584, 0.0458752
19616, 0.0462848
19648, 0.0461824
19680, 0.0463872
19712, 0.0461824
19744, 0.0477184
19776, 0.0462848
19808, 0.0463872
19840, 0.0463872
19872, 0.046592
19904, 0.046592
19936, 0.046592
19968, 0.0467744
20000, 0.0468992
20032, 0.0468992
20064, 0.0470016
20096, 0.0470016
20128, 0.0471296
20160, 0.0472064
20192, 0.0472064
20224, 0.0473088
20256, 0.0473088
20288, 0.0474112
20320, 0.0475136
20352, 0.047616
20384, 0.047616
20416, 0.0477184
20448, 0.0478208
20480, 0.047936
20512, 0.0479232
20544, 0.048128
20576, 0.0483328
20608, 0.048128
20640, 0.0483328
20672, 0.0483328
20704, 0.0484352
20736, 0.0484352
20768, 0.04864
20800, 0.0485376
20832, 0.0487424
20864, 0.04864
20896, 0.0487424
20928, 0.0488448
20960, 0.0489472
20992, 0.0489472
21024, 0.0490496
21056, 0.0491744
21088, 0.049152
21120, 0.0493568
21152, 0.0493568
21184, 0.0493888
21216, 0.0494592
21248, 0.049664
21280, 0.0497664
21312, 0.04968
21344, 0.0497664
21376, 0.0499712
21408, 0.0500736
21440, 0.0502976
21472, 0.050208
21504, 0.0502784
21536, 0.0502784
21568, 0.0502784
21600, 0.0503808
21632, 0.0504832
21664, 0.0506048
21696, 0.0505856
21728, 0.050688
21760, 0.050688
21792, 0.0507904
21824, 0.0508928
21856, 0.0510976
21888, 0.0509952
21920, 0.0512
21952, 0.0512
21984, 0.0510976
22016, 0.0513024
22048, 0.0513024
22080, 0.0515104
22112, 0.0515072
22144, 0.051712
22176, 0.051712
22208, 0.0518144
22240, 0.0540672
22272, 0.0520192
22304, 0.0520192
22336, 0.0521216
22368, 0.0521216
22400, 0.0521216
22432, 0.052224
22464, 0.0523296
22496, 0.0523264
22528, 0.0524288
22560, 0.0525312
22592, 0.0525312
22624, 0.052736
22656, 0.052736
22688, 0.0528384
22720, 0.0528512
22752, 0.0530432
22784, 0.0531456
22816, 0.0530432
22848, 0.0531456
22880, 0.053248
22912, 0.0533504
22944, 0.0534528
22976, 0.0534528
23008, 0.0534528
23040, 0.0535552
23072, 0.0538848
23104, 0.0539648
23136, 0.0538624
23168, 0.0539648
23200, 0.0539648
23232, 0.0540672
23264, 0.0540672
23296, 0.0541856
23328, 0.054272
23360, 0.054272
23392, 0.0544768
23424, 0.0545088
23456, 0.0545792
23488, 0.0546816
23520, 0.054784
23552, 0.0547968
23584, 0.0548864
23616, 0.054784
23648, 0.0548864
23680, 0.0550912
23712, 0.05512
23744, 0.0551936
23776, 0.055296
23808, 0.055296
23840, 0.0561152
23872, 0.0557056
23904, 0.0557056
23936, 0.0556032
23968, 0.0557056
24000, 0.0557056
24032, 0.0559104
24064, 0.0560224
24096, 0.0560128
24128, 0.0561152
24160, 0.0562176
24192, 0.05632
24224, 0.0564224
24256, 0.05632
24288, 0.056448
24320, 0.0565248
24352, 0.0566272
24384, 0.0566272
24416, 0.057008
24448, 0.056832
24480, 0.0577536
24512, 0.0569344
24544, 0.0570368
24576, 0.0570368
24608, 0.0595968
24640, 0.057344
24672, 0.0575488
24704, 0.0574464
24736, 0.0574464
24768, 0.0575488
24800, 0.0575744
24832, 0.0577536
24864, 0.0577536
24896, 0.0577536
24928, 0.057856
24960, 0.0578848
24992, 0.0580608
25024, 0.0580608
25056, 0.0581632
25088, 0.0581632
25120, 0.0582656
25152, 0.058368
25184, 0.058368
25216, 0.0584704
25248, 0.0585728
25280, 0.0586752
25312, 0.0586752
25344, 0.0587776
25376, 0.0618496
25408, 0.0590848
25440, 0.0590848
25472, 0.0591872
25504, 0.0590848
25536, 0.0592992
25568, 0.0592896
25600, 0.059392
25632, 0.0594944
25664, 0.0594944
25696, 0.0596992
25728, 0.0596992
25760, 0.0596992
25792, 0.0598144
25824, 0.0598016
25856, 0.059904
25888, 0.0600064
25920, 0.0601152
25952, 0.0602112
25984, 0.0602112
26016, 0.0603136
26048, 0.060416
26080, 0.060416
26112, 0.0605184
26144, 0.0607392
26176, 0.0607232
26208, 0.0608256
26240, 0.0607232
26272, 0.0608256
26304, 0.060928
26336, 0.060928
26368, 0.0610624
26400, 0.0611328
26432, 0.0612352
26464, 0.0625664
26496, 0.0613376
26528, 0.06144
26560, 0.06144
26592, 0.0616448
26624, 0.0617472
26656, 0.0616448
26688, 0.0617472
26720, 0.0618496
26752, 0.0618496
26784, 0.061952
26816, 0.0620544
26848, 0.0622528
26880, 0.0623616
26912, 0.0623616
26944, 0.062464
26976, 0.062464
27008, 0.062464
27040, 0.0626016
27072, 0.0626048
27104, 0.0626688
27136, 0.0628736
27168, 0.0627712
27200, 0.06288
27232, 0.0628736
27264, 0.062976
27296, 0.0630784
27328, 0.0632832
27360, 0.0632832
27392, 0.0633856
27424, 0.0633856
27456, 0.0633856
27488, 0.063488
27520, 0.0635904
27552, 0.0644096
27584, 0.0638976
27616, 0.0638976
27648, 0.0639104
27680, 0.064
27712, 0.0641024
27744, 0.0641024
27776, 0.0643072
27808, 0.0643072
27840, 0.0643072
27872, 0.064512
27904, 0.064512
27936, 0.0647168
27968, 0.0646144
28000, 0.0646144
28032, 0.0647168
28064, 0.0649216
28096, 0.0649216
28128, 0.0651264
28160, 0.0651264
28192, 0.0651264
28224, 0.0651264
28256, 0.065536
28288, 0.065536
28320, 0.065536
28352, 0.065536
28384, 0.0657408
28416, 0.0657408
28448, 0.0658432
28480, 0.0658432
28512, 0.0659456
28544, 0.0659456
28576, 0.066048
28608, 0.0661504
28640, 0.0662528
28672, 0.0662528
28704, 0.0663552
28736, 0.0663552
28768, 0.0669696
28800, 0.06656
28832, 0.0666624
28864, 0.06656
28896, 0.0667648
28928, 0.067072
28960, 0.0671744
28992, 0.0669696
29024, 0.067072
29056, 0.067072
29088, 0.0672768
29120, 0.0671744
29152, 0.0672768
29184, 0.0674816
29216, 0.0673792
29248, 0.0672768
29280, 0.0674816
29312, 0.0676864
29344, 0.0678912
29376, 0.0677888
29408, 0.0678912
29440, 0.0678912
29472, 0.068
29504, 0.068096
29536, 0.0694272
29568, 0.0684192
29600, 0.0684032
29632, 0.0684032
29664, 0.0685056
29696, 0.0685056
29728, 0.068608
29760, 0.0687104
29792, 0.0687104
29824, 0.0688128
29856, 0.0689152
29888, 0.0689152
29920, 0.0690176
29952, 0.06912
29984, 0.0692224
30016, 0.06912
30048, 0.0693504
30080, 0.0693248
30112, 0.0695296
30144, 0.0695296
30176, 0.0702464
30208, 0.0699392
30240, 0.0698368
30272, 0.0697376
30304, 0.0699392
30336, 0.0700416
30368, 0.0700416
30400, 0.070144
30432, 0.0702464
30464, 0.0702464
30496, 0.0704512
30528, 0.0704512
30560, 0.0704512
30592, 0.0705536
30624, 0.0705536
30656, 0.0713728
30688, 0.0707584
30720, 0.0708768
30752, 0.0709632
30784, 0.0709632
30816, 0.0731136
30848, 0.0713728
30880, 0.0713728
30912, 0.0712704
30944, 0.0714752
30976, 0.0714752
31008, 0.0715776
31040, 0.0714752
31072, 0.0715776
31104, 0.07168
31136, 0.0721088
31168, 0.0717824
31200, 0.0718848
31232, 0.0719872
31264, 0.0720896
31296, 0.0720896
31328, 0.072192
31360, 0.072192
31392, 0.0722944
31424, 0.0722944
31456, 0.0756736
31488, 0.0728064
31520, 0.072704
31552, 0.0726016
31584, 0.0728064
31616, 0.0729088
31648, 0.0730112
31680, 0.0729088
31712, 0.0731136
31744, 0.0730112
31776, 0.073216
31808, 0.073216
31840, 0.0734208
31872, 0.0734208
31904, 0.0736256
31936, 0.0735072
31968, 0.0736256
32000, 0.073728
32032, 0.0738304
32064, 0.073728
32096, 0.07424
32128, 0.0740352
32160, 0.0740768
32192, 0.0741376
32224, 0.07424
32256, 0.07424
32288, 0.0743424
32320, 0.0744448
32352, 0.0744448
32384, 0.0744448
32416, 0.0746496
32448, 0.0746496
32480, 0.0748544
32512, 0.0748544
32544, 0.0749568
32576, 0.0750592
32608, 0.0750592
32640, 0.0751616
32672, 0.075264
32704, 0.0754688
32736, 0.075264
32768, 0.0754688
32800, 0.0755712
32832, 0.0755712
32864, 0.075776
32896, 0.0756736
32928, 0.075776
32960, 0.075776
32992, 0.075776
33024, 0.0759808
33056, 0.0760832
33088, 0.0760832
33120, 0.076288
33152, 0.0761856
33184, 0.0763904
33216, 0.0763904
33248, 0.0765952
33280, 0.0765952
33312, 0.0770048
33344, 0.0766976
33376, 0.0768
33408, 0.0769024
33440, 0.0770048
33472, 0.0770048
33504, 0.0771072
33536, 0.0771072
33568, 0.077312
33600, 0.077312
33632, 0.077312
33664, 0.077312
33696, 0.0774144
33728, 0.0775456
33760, 0.077648
33792, 0.0777216
33824, 0.0777248
33856, 0.077824
33888, 0.0782336
33920, 0.0781376
33952, 0.0781568
33984, 0.0781312
34016, 0.078336
34048, 0.078256
34080, 0.0783712
34112, 0.0784384
34144, 0.0785408
34176, 0.0785408
34208, 0.0786432
34240, 0.0787456
34272, 0.078848
34304, 0.078848
34336, 0.0789504
34368, 0.0789504
34400, 0.0790528
34432, 0.0790528
34464, 0.07936
34496, 0.07936
34528, 0.07936
34560, 0.0793952
34592, 0.0794624
34624, 0.0795648
34656, 0.0796672
34688, 0.0796672
34720, 0.079872
34752, 0.079872
34784, 0.079872
34816, 0.079872
34848, 0.0800768
34880, 0.0801792
34912, 0.0802816
34944, 0.0801792
34976, 0.080384
35008, 0.080384
35040, 0.0822272
35072, 0.0806912
35104, 0.0806912
35136, 0.0806912
35168, 0.0807936
35200, 0.080896
35232, 0.0809984
35264, 0.0809984
35296, 0.0811008
35328, 0.0812032
35360, 0.0812032
35392, 0.081232
35424, 0.081408
35456, 0.0814304
35488, 0.0815104
35520, 0.0815104
35552, 0.0817152
35584, 0.08192
35616, 0.0821248
35648, 0.0820224
35680, 0.08192
35712, 0.08192
35744, 0.0821248
35776, 0.0821376
35808, 0.0822272
35840, 0.0822272
35872, 0.0823296
35904, 0.082432
35936, 0.0825344
35968, 0.0825376
36000, 0.0826368
36032, 0.0826368
36064, 0.0828416
36096, 0.0827712
36128, 0.082976
36160, 0.0830464
36192, 0.0833536
36224, 0.0831872
36256, 0.0832512
36288, 0.0832512
36320, 0.0833536
36352, 0.0834656
36384, 0.0836608
36416, 0.0835584
36448, 0.0836608
36480, 0.0836608
36512, 0.0837632
36544, 0.0837984
36576, 0.083968
36608, 0.083968
36640, 0.0840704
36672, 0.0840704
36704, 0.08704
36736, 0.0847872
36768, 0.0847872
36800, 0.08448
36832, 0.0845824
36864, 0.084624
36896, 0.0847008
36928, 0.0846848
36960, 0.0847872
36992, 0.0847872
37024, 0.0848896
37056, 0.084992
37088, 0.084992
37120, 0.0851968
37152, 0.0852992
37184, 0.0851968
37216, 0.0854016
37248, 0.0853344
37280, 0.0858112
37312, 0.0856064
37344, 0.0857088
37376, 0.0857088
37408, 0.0858112
37440, 0.0859136
37472, 0.0859136
37504, 0.086016
37536, 0.0861184
37568, 0.0861184
37600, 0.0862208
37632, 0.0862208
37664, 0.0864256
37696, 0.0863232
37728, 0.086528
37760, 0.086528
37792, 0.0875808
37824, 0.08704
37856, 0.0869376
37888, 0.0869376
37920, 0.0869376
37952, 0.0869376
37984, 0.0871424
38016, 0.0871424
38048, 0.0871424
38080, 0.0872448
38112, 0.0874496
38144, 0.0873792
38176, 0.0874496
38208, 0.0874496
38240, 0.087552
38272, 0.087552
38304, 0.0877568
38336, 0.0880608
38368, 0.088064
38400, 0.0879616
38432, 0.088064
38464, 0.0881664
38496, 0.0881664
38528, 0.0882688
38560, 0.0883712
38592, 0.0883712
38624, 0.0884736
38656, 0.0884896
38688, 0.0886944
38720, 0.0886784
38752, 0.0888832
38784, 0.0888832
38816, 0.0889856
38848, 0.0889856
38880, 0.0893952
38912, 0.0891904
38944, 0.0892928
38976, 0.0892928
39008, 0.0893952
39040, 0.0893952
39072, 0.0894976
39104, 0.0896
39136, 0.0896
39168, 0.0897408
39200, 0.0897024
39232, 0.0898048
39264, 0.0900096
39296, 0.090112
39328, 0.0899072
39360, 0.090112
39392, 0.090624
39424, 0.0903168
39456, 0.0905216
39488, 0.0903168
39520, 0.0905216
39552, 0.0905216
39584, 0.0907264
39616, 0.0907264
39648, 0.0908288
39680, 0.0908288
39712, 0.0910336
39744, 0.0910336
39776, 0.091136
39808, 0.091136
39840, 0.091136
39872, 0.091136
39904, 0.0917504
39936, 0.0927744
39968, 0.0915456
40000, 0.091648
40032, 0.0917504
40064, 0.0917504
40096, 0.0917632
40128, 0.0917504
40160, 0.0919552
40192, 0.0920576
40224, 0.0919552
40256, 0.0920576
40288, 0.0923648
40320, 0.0922624
40352, 0.0923648
40384, 0.092672
40416, 0.0928768
40448, 0.092672
40480, 0.092672
40512, 0.092672
40544, 0.0928768
40576, 0.0927744
40608, 0.0929792
40640, 0.0930816
40672, 0.0929792
40704, 0.093184
40736, 0.093184
40768, 0.093184
40800, 0.0933888
40832, 0.0933888
40864, 0.0934912
40896, 0.093696
40928, 0.0939008
40960, 0.0937984
40992, 0.0939008
41024, 0.0939008
41056, 0.0940448
41088, 0.0940032
41120, 0.094208
41152, 0.0941056
41184, 0.094208
41216, 0.0943104
41248, 0.0944128
41280, 0.0944128
41312, 0.0945152
41344, 0.0945152
41376, 0.0946176
41408, 0.0951296
41440, 0.0949248
41472, 0.0949248
41504, 0.0950272
41536, 0.095232
41568, 0.095232
41600, 0.095232
41632, 0.095232
41664, 0.095232
41696, 0.0953344
41728, 0.0953632
41760, 0.0954368
41792, 0.0956416
41824, 0.0956416
41856, 0.095744
41888, 0.0991232
41920, 0.0961536
41952, 0.0960512
41984, 0.0960512
42016, 0.0962656
42048, 0.0961536
42080, 0.0963584
42112, 0.0963584
42144, 0.0964608
42176, 0.0964608
42208, 0.0965952
42240, 0.0965632
42272, 0.0966816
42304, 0.096768
42336, 0.0968704
42368, 0.0971776
42400, 0.09728
42432, 0.097088
42464, 0.09728
42496, 0.0971776
42528, 0.0973824
42560, 0.09728
42592, 0.0973824
42624, 0.0974848
42656, 0.0976896
42688, 0.0976544
42720, 0.097792
42752, 0.0978944
42784, 0.0978944
42816, 0.0978944
42848, 0.0986112
42880, 0.098304
42912, 0.0982016
42944, 0.0982016
42976, 0.0984064
43008, 0.0984064
43040, 0.0985088
43072, 0.0985088
43104, 0.0985088
43136, 0.0986112
43168, 0.0986112
43200, 0.0987136
43232, 0.098816
43264, 0.098816
43296, 0.0989216
43328, 0.0990912
43360, 0.099328
43392, 0.0991232
43424, 0.0992256
43456, 0.0994304
43488, 0.0994304
43520, 0.0994304
43552, 0.0994464
43584, 0.0995328
43616, 0.0996352
43648, 0.0996352
43680, 0.09984
43712, 0.09984
43744, 0.0999424
43776, 0.100045
43808, 0.101478
43840, 0.100352
43872, 0.100256
43904, 0.10025
43936, 0.100454
43968, 0.100464
44000, 0.100566
44032, 0.100557
44064, 0.100762
44096, 0.100659
44128, 0.100864
44160, 0.100762
44192, 0.100966
44224, 0.100966
44256, 0.101171
44288, 0.101581
44320, 0.101376
44352, 0.101376
44384, 0.101376
44416, 0.101478
44448, 0.101581
44480, 0.101683
44512, 0.101683
44544, 0.101683
44576, 0.101786
44608, 0.101888
44640, 0.10199
44672, 0.10199
44704, 0.10199
44736, 0.102195
44768, 0.102707
44800, 0.102298
44832, 0.1024
44864, 0.1024
44896, 0.102502
44928, 0.102605
44960, 0.102707
44992, 0.102707
45024, 0.102707
45056, 0.10281
45088, 0.102912
45120, 0.103014
45152, 0.103014
45184, 0.103219
45216, 0.103629
45248, 0.103424
45280, 0.103424
45312, 0.10343
45344, 0.103526
45376, 0.103629
45408, 0.103936
45440, 0.10383
45472, 0.103936
45504, 0.10383
45536, 0.104141
45568, 0.104346
45600, 0.10423
45632, 0.104243
45664, 0.104243
45696, 0.104346
45728, 0.104384
45760, 0.104448
45792, 0.104448
45824, 0.104653
45856, 0.104653
45888, 0.104858
45920, 0.104858
45952, 0.104858
45984, 0.108109
46016, 0.105184
46048, 0.105165
46080, 0.105165
46112, 0.10537
46144, 0.105267
46176, 0.10537
46208, 0.105472
46240, 0.105574
46272, 0.105574
46304, 0.105677
46336, 0.105677
46368, 0.105802
46400, 0.105882
46432, 0.10793
46464, 0.106394
46496, 0.106189
46528, 0.106291
46560, 0.106493
46592, 0.106189
46624, 0.106298
46656, 0.106394
46688, 0.106669
46720, 0.106598
46752, 0.107418
46784, 0.106803
46816, 0.106803
46848, 0.106906
46880, 0.107008
46912, 0.10711
46944, 0.107136
46976, 0.107213
47008, 0.107341
47040, 0.107315
47072, 0.10752
47104, 0.10752
47136, 0.10752
47168, 0.107725
47200, 0.107827
47232, 0.10793
47264, 0.10793
47296, 0.108032
47328, 0.108134
47360, 0.108032
47392, 0.108237
47424, 0.108259
47456, 0.108339
47488, 0.108339
47520, 0.109158
47552, 0.108442
47584, 0.108544
47616, 0.109158
47648, 0.108851
47680, 0.108749
47712, 0.108954
47744, 0.109158
47776, 0.109056
47808, 0.108954
47840, 0.109261
47872, 0.109158
47904, 0.109363
47936, 0.109363
47968, 0.109466
48000, 0.109466
48032, 0.10967
48064, 0.109875
48096, 0.109773
48128, 0.109875
48160, 0.109875
48192, 0.109875
48224, 0.109978
48256, 0.109978
48288, 0.110182
48320, 0.110285
48352, 0.110288
48384, 0.11049
48416, 0.11049
48448, 0.110797
48480, 0.111104
48512, 0.110694
48544, 0.110694
48576, 0.110899
48608, 0.110909
48640, 0.111104
48672, 0.110899
48704, 0.111104
48736, 0.111229
48768, 0.111206
48800, 0.111309
48832, 0.111309
48864, 0.111411
48896, 0.111718
48928, 0.111821
48960, 0.111718
48992, 0.111923
49024, 0.111821
49056, 0.111923
49088, 0.112026
49120, 0.112128
49152, 0.11223
49184, 0.11223
49216, 0.11215
49248, 0.112333
49280, 0.112333
49312, 0.112435
49344, 0.112765
49376, 0.112538
49408, 0.11264
49440, 0.112742
49472, 0.112845
49504, 0.112845
49536, 0.112845
49568, 0.11305
49600, 0.11305
49632, 0.113152
49664, 0.113152
49696, 0.113357
49728, 0.113357
49760, 0.113971
49792, 0.113562
49824, 0.113766
49856, 0.113667
49888, 0.113869
49920, 0.113766
49952, 0.113766
49984, 0.113869
50016, 0.113971
50048, 0.113981
50080, 0.114176
50112, 0.114074
50144, 0.114278
50176, 0.114688
50208, 0.114483
50240, 0.114493
50272, 0.114688
50304, 0.114688
50336, 0.114893
50368, 0.11479
50400, 0.114893
50432, 0.115507
50464, 0.115098
50496, 0.115098
50528, 0.115302
50560, 0.115405
50592, 0.11584
50624, 0.115405
50656, 0.115507
50688, 0.11561
50720, 0.115814
50752, 0.115814
50784, 0.115814
50816, 0.115814
50848, 0.116019
50880, 0.115939
50912, 0.116019
50944, 0.116019
50976, 0.116736
51008, 0.116736
51040, 0.116442
51072, 0.116429
51104, 0.116454
51136, 0.116634
51168, 0.116634
51200, 0.116634
51232, 0.116736
51264, 0.116736
51296, 0.116867
51328, 0.116941
51360, 0.117043
51392, 0.117043
51424, 0.117366
51456, 0.117146
51488, 0.11735
51520, 0.117555
51552, 0.117453
51584, 0.117453
51616, 0.117453
51648, 0.11776
51680, 0.117862
51712, 0.11776
51744, 0.117862
51776, 0.117862
51808, 0.121242
51840, 0.11817
51872, 0.11817
51904, 0.118272
51936, 0.118374
51968, 0.118374
52000, 0.118477
52032, 0.118477
52064, 0.118579
52096, 0.118579
52128, 0.118784
52160, 0.118682
52192, 0.118989
52224, 0.119296
52256, 0.119194
52288, 0.119126
52320, 0.119194
52352, 0.119706
52384, 0.119296
52416, 0.119398
52448, 0.119501
52480, 0.119501
52512, 0.119706
52544, 0.119706
52576, 0.119603
52608, 0.11991
52640, 0.120013
52672, 0.119808
52704, 0.120115
52736, 0.120115
52768, 0.120218
52800, 0.120218
52832, 0.120339
52864, 0.120342
52896, 0.120525
52928, 0.120525
52960, 0.120627
52992, 0.12073
53024, 0.121242
53056, 0.120934
53088, 0.120934
53120, 0.121037
53152, 0.121078
53184, 0.121037
53216, 0.121242
53248, 0.121242
53280, 0.121754
53312, 0.121344
53344, 0.121549
53376, 0.121446
53408, 0.121856
53440, 0.121754
53472, 0.121894
53504, 0.121958
53536, 0.121958
53568, 0.121958
53600, 0.122061
53632, 0.122061
53664, 0.122266
53696, 0.122163
53728, 0.122368
53760, 0.122368
53792, 0.122368
53824, 0.122778
53856, 0.122573
53888, 0.122675
53920, 0.122778
53952, 0.12281
53984, 0.122902
54016, 0.122982
54048, 0.122982
54080, 0.122982
54112, 0.123376
54144, 0.123187
54176, 0.124621
54208, 0.123699
54240, 0.123494
54272, 0.123533
54304, 0.123597
54336, 0.123597
54368, 0.123699
54400, 0.123802
54432, 0.123904
54464, 0.123904
54496, 0.124109
54528, 0.124109
54560, 0.124621
54592, 0.124518
54624, 0.124416
54656, 0.124314
54688, 0.124518
54720, 0.124518
54752, 0.124621
54784, 0.124621
54816, 0.124826
54848, 0.124723
54880, 0.12503
54912, 0.12503
54944, 0.126464
54976, 0.125542
55008, 0.125338
55040, 0.125133
55072, 0.125338
55104, 0.125338
55136, 0.12544
55168, 0.125571
55200, 0.125645
55232, 0.125542
55264, 0.126464
55296, 0.125786
55328, 0.128819
55360, 0.126362
55392, 0.126157
55424, 0.126182
55456, 0.126362
55488, 0.126259
55520, 0.126259
55552, 0.126362
55584, 0.126464
55616, 0.126464
55648, 0.126669
55680, 0.126566
55712, 0.128512
55744, 0.127078
55776, 0.126874
55808, 0.126874
55840, 0.127078
55872, 0.127078
55904, 0.127386
55936, 0.127283
55968, 0.127488
56000, 0.127283
56032, 0.127488
56064, 0.127488
56096, 0.127795
56128, 0.128
56160, 0.127795
56192, 0.127795
56224, 0.128035
56256, 0.128
56288, 0.128102
56320, 0.128102
56352, 0.128307
56384, 0.128205
56416, 0.12841
56448, 0.128307
56480, 0.129024
56512, 0.128717
56544, 0.128717
56576, 0.128819
56608, 0.128922
56640, 0.128819
56672, 0.129024
56704, 0.129024
56736, 0.129229
56768, 0.129229
56800, 0.129331
56832, 0.129331
56864, 0.129843
56896, 0.129536
56928, 0.129638
56960, 0.129638
56992, 0.129843
57024, 0.129741
57056, 0.129805
57088, 0.129946
57120, 0.130048
57152, 0.129946
57184, 0.13015
57216, 0.130355
57248, 0.130458
57280, 0.130355
57312, 0.13056
57344, 0.130458
57376, 0.130662
57408, 0.13056
57440, 0.130662
57472, 0.130662
57504, 0.130867
57536, 0.130867
57568, 0.13097
57600, 0.131482
57632, 0.131072
57664, 0.131174
57696, 0.131379
57728, 0.131379
57760, 0.131482
57792, 0.131482
57824, 0.131584
57856, 0.131584
57888, 0.131584
57920, 0.131686
57952, 0.132506
57984, 0.132198
58016, 0.131891
58048, 0.131994
58080, 0.132198
58112, 0.132198
58144, 0.132237
58176, 0.132301
58208, 0.132403
58240, 0.132426
58272, 0.132506
58304, 0.13353
58336, 0.133222
58368, 0.132813
58400, 0.132813
58432, 0.132915
58464, 0.132915
58496, 0.132915
58528, 0.133018
58560, 0.133018
58592, 0.133325
58624, 0.133222
58656, 0.133222
58688, 0.133939
58720, 0.133632
58752, 0.133632
58784, 0.133632
58816, 0.133642
58848, 0.133837
58880, 0.133837
58912, 0.134554
58944, 0.134042
58976, 0.133939
59008, 0.134083
59040, 0.136499
59072, 0.134554
59104, 0.134554
59136, 0.134474
59168, 0.134554
59200, 0.134586
59232, 0.134758
59264, 0.134656
59296, 0.134758
59328, 0.134861
59360, 0.134963
59392, 0.134861
59424, 0.135475
59456, 0.135066
59488, 0.135178
59520, 0.13527
59552, 0.135475
59584, 0.135373
59616, 0.135507
59648, 0.135475
59680, 0.13568
59712, 0.135578
59744, 0.13568
59776, 0.136294
59808, 0.135987
59840, 0.135987
59872, 0.136115
59904, 0.136499
59936, 0.136128
59968, 0.136192
60000, 0.136397
60032, 0.136397
60064, 0.136499
60096, 0.136499
60128, 0.137114
60160, 0.136602
60192, 0.136806
60224, 0.136906
60256, 0.137011
60288, 0.137011
60320, 0.137216
60352, 0.137114
60384, 0.137216
60416, 0.137421
60448, 0.137421
60480, 0.138138
60512, 0.137523
60544, 0.137626
60576, 0.137731
60608, 0.137728
60640, 0.13783
60672, 0.137933
60704, 0.137933
60736, 0.138035
60768, 0.137933
60800, 0.138035
60832, 0.13865
60864, 0.13824
60896, 0.138854
60928, 0.138445
60960, 0.13865
60992, 0.138547
61024, 0.138579
61056, 0.138576
61088, 0.138854
61120, 0.138854
61152, 0.138854
61184, 0.139469
61216, 0.139162
61248, 0.139162
61280, 0.139264
61312, 0.139296
61344, 0.139366
61376, 0.139469
61408, 0.139501
61440, 0.139494
61472, 0.139674
61504, 0.139776
61536, 0.140186
61568, 0.139878
61600, 0.140083
61632, 0.140083
61664, 0.140186
61696, 0.140083
61728, 0.140288
61760, 0.14039
61792, 0.140493
61824, 0.140493
61856, 0.143258
61888, 0.1408
61920, 0.140614
61952, 0.140595
61984, 0.1408
62016, 0.140826
62048, 0.140902
62080, 0.1408
62112, 0.14121
62144, 0.141293
62176, 0.141414
62208, 0.141619
62240, 0.141517
62272, 0.141414
62304, 0.141658
62336, 0.141722
62368, 0.141722
62400, 0.141722
62432, 0.141722
62464, 0.141824
62496, 0.141926
62528, 0.141926
62560, 0.143974
62592, 0.142131
62624, 0.142336
62656, 0.142234
62688, 0.142438
62720, 0.142336
62752, 0.142438
62784, 0.142643
62816, 0.142746
62848, 0.142752
62880, 0.143565
62912, 0.143155
62944, 0.14295
62976, 0.143053
63008, 0.143053
63040, 0.143155
63072, 0.143155
63104, 0.143258
63136, 0.143258
63168, 0.14336
63200, 0.143462
63232, 0.143974
63264, 0.14377
63296, 0.143872
63328, 0.143974
63360, 0.143872
63392, 0.143872
63424, 0.143872
63456, 0.144077
63488, 0.144179
63520, 0.144282
63552, 0.144282
63584, 0.144832
63616, 0.144486
63648, 0.144691
63680, 0.144691
63712, 0.144794
63744, 0.144896
63776, 0.144896
63808, 0.144896
63840, 0.144998
63872, 0.144998
63904, 0.145408
63936, 0.145306
63968, 0.145408
64000, 0.145408
64032, 0.145408
64064, 0.145408
64096, 0.145622
64128, 0.145715
64160, 0.145818
64192, 0.145715
64224, 0.145715
64256, 0.146432
64288, 0.146125
64320, 0.146227
64352, 0.146352
64384, 0.14633
64416, 0.146432
64448, 0.146432
64480, 0.146432
64512, 0.146534
64544, 0.146534
64576, 0.147046
64608, 0.146739
64640, 0.146842
64672, 0.146982
64704, 0.146954
64736, 0.147046
64768, 0.147046
64800, 0.147149
64832, 0.147251
64864, 0.147456
64896, 0.147558
64928, 0.147763
64960, 0.147661
64992, 0.147763
65024, 0.147763
65056, 0.147866
65088, 0.147763
65120, 0.147882
65152, 0.147968
65184, 0.14889
65216, 0.14889
65248, 0.148787
65280, 0.148275
65312, 0.14848
65344, 0.14848
65376, 0.148582
65408, 0.148582
65440, 0.148582
65472, 0.148787
65504, 0.14889
65536, 0.14889
65568, 0.151142
65600, 0.148992
65632, 0.149197
65664, 0.149226
65696, 0.149299
65728, 0.149402
65760, 0.149402
65792, 0.149402
65824, 0.149504
65856, 0.149526
65888, 0.150835
65920, 0.149811
65952, 0.149811
65984, 0.149914
66016, 0.149914
66048, 0.149811
66080, 0.150016
66112, 0.150045
66144, 0.150118
66176, 0.150221
66208, 0.151347
66240, 0.15063
66272, 0.150528
66304, 0.15063
66336, 0.150528
66368, 0.15063
66400, 0.150733
66432, 0.150938
66464, 0.150938
66496, 0.150835
66528, 0.15319
66560, 0.151347
66592, 0.151142
66624, 0.151245
66656, 0.151347
66688, 0.151347
66720, 0.15145
66752, 0.151552
66784, 0.151654
66816, 0.151757
66848, 0.152269
66880, 0.152064
66912, 0.151962
66944, 0.152064
66976, 0.152064
67008, 0.152064
67040, 0.152269
67072, 0.152269
67104, 0.152371
67136, 0.152371
67168, 0.152576
67200, 0.152986
67232, 0.152678
67264, 0.152678
67296, 0.152781
67328, 0.152781
67360, 0.152883
67392, 0.152883
67424, 0.153088
67456, 0.15319
67488, 0.15319
67520, 0.1536
67552, 0.153395
67584, 0.153498
67616, 0.153498
67648, 0.153498
67680, 0.153702
67712, 0.153702
67744, 0.153805
67776, 0.153805
67808, 0.153907
67840, 0.154317
67872, 0.154112
67904, 0.154214
67936, 0.154112
67968, 0.154214
68000, 0.154317
68032, 0.154317
68064, 0.154522
68096, 0.154522
68128, 0.154726
68160, 0.154931
68192, 0.154829
68224, 0.154829
68256, 0.155034
68288, 0.154931
68320, 0.155238
68352, 0.155136
68384, 0.155341
68416, 0.155238
68448, 0.157901
68480, 0.155546
68512, 0.155443
68544, 0.155546
68576, 0.15575
68608, 0.155853
68640, 0.155853
68672, 0.155853
68704, 0.156054
68736, 0.156774
68768, 0.156467
68800, 0.156074
68832, 0.156262
68864, 0.156262
68896, 0.156467
68928, 0.156365
68960, 0.15657
68992, 0.156467
69024, 0.15657
69056, 0.156672
69088, 0.157082
69120, 0.156877
69152, 0.157082
69184, 0.156979
69216, 0.156979
69248, 0.156979
69280, 0.157104
69312, 0.157082
69344, 0.157286
69376, 0.157594
69408, 0.157389
69440, 0.157517
69472, 0.157491
69504, 0.157491
69536, 0.157901
69568, 0.157901
69600, 0.160666
69632, 0.158003
69664, 0.158106
69696, 0.158208
69728, 0.15831
69760, 0.15831
69792, 0.158515
69824, 0.158515
69856, 0.158618
69888, 0.158515
69920, 0.15913
69952, 0.158822
69984, 0.159027
70016, 0.159027
70048, 0.158925
70080, 0.159027
70112, 0.159232
70144, 0.159232
70176, 0.159232
70208, 0.159539
70240, 0.159539
70272, 0.159642
70304, 0.159722
70336, 0.159642
70368, 0.159744
70400, 0.159744
70432, 0.159648
70464, 0.159744
70496, 0.160051
70528, 0.159949
70560, 0.160256
70592, 0.160179
70624, 0.160358
70656, 0.160358
70688, 0.160371
70720, 0.160358
70752, 0.160461
70784, 0.160906
70816, 0.161075
70848, 0.160768
70880, 0.16087
70912, 0.16087
70944, 0.160973
70976, 0.160973
71008, 0.161082
71040, 0.161178
71072, 0.161178
71104, 0.161792
71136, 0.161382
71168, 0.161507
71200, 0.161587
71232, 0.16169
71264, 0.161587
71296, 0.16169
71328, 0.161894
71360, 0.161894
71392, 0.163021
71424, 0.162304
71456, 0.162099
71488, 0.162202
71520, 0.162406
71552, 0.162304
71584, 0.162621
71616, 0.162378
71648, 0.162611
71680, 0.162509
71712, 0.163942
71744, 0.162611
71776, 0.163021
71808, 0.163021
71840, 0.163533
71872, 0.162918
71904, 0.163123
71936, 0.163226
71968, 0.163328
72000, 0.163533
72032, 0.163635
72064, 0.163533
72096, 0.163738
72128, 0.163635
72160, 0.16376
72192, 0.16384
72224, 0.16384
72256, 0.16384
72288, 0.166093
72320, 0.164582
72352, 0.16416
72384, 0.16425
72416, 0.164454
72448, 0.164352
72480, 0.164454
72512, 0.164557
72544, 0.164659
72576, 0.164557
72608, 0.166605
72640, 0.164803
72672, 0.164966
72704, 0.164966
72736, 0.165069
72768, 0.164966
72800, 0.165171
72832, 0.165171
72864, 0.165274
72896, 0.165488
72928, 0.165581
72960, 0.165414
72992, 0.165581
73024, 0.165683
73056, 0.165683
73088, 0.165786
73120, 0.165786
73152, 0.165798
73184, 0.16599
73216, 0.166502
73248, 0.166096
73280, 0.166195
73312, 0.1664
73344, 0.166298
73376, 0.166426
73408, 0.166298
73440, 0.166518
73472, 0.166502
73504, 0.167235
73536, 0.166502
73568, 0.166912
73600, 0.16681
73632, 0.166912
73664, 0.166912
73696, 0.167117
73728, 0.167219
73760, 0.167382
73792, 0.167834
73824, 0.167424
73856, 0.167526
73888, 0.167629
73920, 0.167731
73952, 0.167731
73984, 0.167731
74016, 0.167731
74048, 0.167734
74080, 0.168346
74112, 0.168038
74144, 0.168141
74176, 0.168243
74208, 0.168346
74240, 0.168346
74272, 0.168448
74304, 0.168448
74336, 0.168579
74368, 0.168858
74400, 0.168755
74432, 0.168755
74464, 0.16896
74496, 0.16896
74528, 0.16896
74560, 0.169078
74592, 0.169165
74624, 0.169267
74656, 0.170598
74688, 0.169472
74720, 0.169574
74752, 0.169574
74784, 0.169574
74816, 0.169882
74848, 0.169907
74880, 0.169779
74912, 0.169779
74944, 0.169882
74976, 0.170086
75008, 0.169984
75040, 0.170086
75072, 0.170086
75104, 0.170298
75136, 0.170291
75168, 0.170394
75200, 0.170512
75232, 0.172954
75264, 0.170803
75296, 0.170701
75328, 0.170701
75360, 0.171008
75392, 0.170906
75424, 0.171008
75456, 0.170947
75488, 0.17111
75520, 0.171229
75552, 0.17152
75584, 0.17152
75616, 0.171725
75648, 0.17152
75680, 0.171523
75712, 0.171622
75744, 0.171827
75776, 0.171725
75808, 0.173466
75840, 0.172032
75872, 0.172032
75904, 0.17193
75936, 0.172109
75968, 0.172134
76000, 0.172237
76032, 0.172237
76064, 0.172442
76096, 0.172544
76128, 0.172749
76160, 0.172646
76192, 0.172851
76224, 0.172749
76256, 0.172851
76288, 0.172851
76320, 0.172851
76352, 0.172954
76384, 0.173363
76416, 0.173261
76448, 0.173363
76480, 0.173363
76512, 0.173363
76544, 0.173466
76576, 0.173568
76608, 0.174182
76640, 0.173773
76672, 0.17408
76704, 0.173773
76736, 0.173875
76768, 0.17408
76800, 0.17408
76832, 0.174182
76864, 0.174182
76896, 0.174285
76928, 0.174285
76960, 0.174797
76992, 0.174387
77024, 0.174592
77056, 0.174624
77088, 0.174592
77120, 0.174694
77152, 0.174899
77184, 0.174899
77216, 0.174797
77248, 0.175616
77280, 0.175002
77312, 0.175206
77344, 0.175309
77376, 0.175411
77408, 0.175411
77440, 0.175411
77472, 0.175616
77504, 0.175616
77536, 0.17623
77568, 0.175718
77600, 0.175923
77632, 0.175923
77664, 0.175923
77696, 0.176042
77728, 0.176026
77760, 0.176128
77792, 0.178586
77824, 0.176435
77856, 0.176333
77888, 0.176538
77920, 0.176538
77952, 0.17664
77984, 0.17664
78016, 0.17664
78048, 0.176742
78080, 0.177254
78112, 0.176845
78144, 0.177664
78176, 0.177165
78208, 0.17705
78240, 0.177152
78272, 0.177254
78304, 0.177357
78336, 0.177357
78368, 0.178688
78400, 0.177562
78432, 0.177664
78464, 0.177766
78496, 0.177664
78528, 0.177766
78560, 0.177869
78592, 0.17799
78624, 0.179507
78656, 0.178381
78688, 0.178176
78720, 0.178278
78752, 0.178381
78784, 0.178278
78816, 0.178381
78848, 0.178381
78880, 0.178688
78912, 0.179098
78944, 0.17879
78976, 0.178806
79008, 0.178995
79040, 0.178893
79072, 0.179098
79104, 0.1792
79136, 0.179302
79168, 0.179302
79200, 0.180019
79232, 0.17944
79264, 0.179619
79296, 0.179507
79328, 0.179814
79360, 0.179712
79392, 0.179843
79424, 0.17983
79456, 0.180224
79488, 0.180224
79520, 0.180122
79552, 0.180224
79584, 0.180326
79616, 0.180531
79648, 0.180326
79680, 0.180352
79712, 0.180531
79744, 0.181155
79776, 0.180634
79808, 0.180838
79840, 0.180941
79872, 0.180838
79904, 0.180941
79936, 0.180976
79968, 0.181043
80000, 0.181283
80032, 0.181453
80064, 0.181248
80096, 0.181453
80128, 0.181453
80160, 0.181453
80192, 0.181555
80224, 0.18176
80256, 0.181862
80288, 0.185446
80320, 0.181862
80352, 0.182003
80384, 0.181965
80416, 0.182067
80448, 0.182067
80480, 0.18217
80512, 0.182272
80544, 0.184115
80576, 0.182682
80608, 0.182682
80640, 0.182685
80672, 0.182784
80704, 0.182682
80736, 0.182784
80768, 0.182989
80800, 0.182989
80832, 0.183638
80864, 0.182989
80896, 0.183296
80928, 0.183398
80960, 0.183318
80992, 0.183398
81024, 0.183398
81056, 0.183501
81088, 0.184032
81120, 0.183706
81152, 0.183808
81184, 0.18391
81216, 0.18391
81248, 0.184013
81280, 0.18391
81312, 0.184115
81344, 0.184115
81376, 0.184627
81408, 0.18432
81440, 0.184525
81472, 0.18432
81504, 0.184525
81536, 0.184525
81568, 0.18465
81600, 0.18473
81632, 0.185344
81664, 0.184832
81696, 0.185037
81728, 0.185072
81760, 0.185242
81792, 0.185139
81824, 0.185344
81856, 0.185242
81888, 0.185658
81920, 0.185651
81952, 0.185651
81984, 0.185651
82016, 0.185856
82048, 0.185754
82080, 0.185754
82112, 0.185856
82144, 0.186163
82176, 0.186573
82208, 0.186163
82240, 0.186368
82272, 0.186368
82304, 0.186266
82336, 0.186368
82368, 0.18647
82400, 0.186675
82432, 0.18729
82464, 0.186778
82496, 0.18688
82528, 0.186982
82560, 0.187187
82592, 0.187187
82624, 0.187085
82656, 0.187187
82688, 0.187494
82720, 0.187392
82752, 0.187597
82784, 0.187597
82816, 0.187597
82848, 0.188109
82880, 0.187597
82912, 0.187699
82944, 0.187802
82976, 0.188211
83008, 0.188109
83040, 0.188006
83072, 0.188109
83104, 0.188109
83136, 0.188109
83168, 0.188416
83200, 0.188314
83232, 0.18903
83264, 0.189133
83296, 0.188826
83328, 0.188723
83360, 0.188928
83392, 0.18985
83424, 0.18903
83456, 0.18903
83488, 0.191402
83520, 0.18904
83552, 0.189338
83584, 0.189338
83616, 0.189235
83648, 0.189338
83680, 0.18944
83712, 0.189542
83744, 0.192717
83776, 0.189747
83808, 0.189952
83840, 0.189952
83872, 0.189952
83904, 0.190054
83936, 0.190054
83968, 0.190054
84000, 0.193741
84032, 0.190374
84064, 0.190566
84096, 0.190464
84128, 0.190566
84160, 0.190669
84192, 0.190874
84224, 0.190669
84256, 0.190976
84288, 0.190976
84320, 0.191078
84352, 0.191078
84384, 0.191181
84416, 0.191181
84448, 0.191283
84480, 0.191283
84512, 0.191488
84544, 0.19159
84576, 0.191626
84608, 0.191693
84640, 0.191693
84672, 0.191795
84704, 0.191898
84736, 0.191795
84768, 0.192
84800, 0.192307
84832, 0.192102
84864, 0.192102
84896, 0.192205
84928, 0.192205
84960, 0.192205
84992, 0.19241
85024, 0.192512
85056, 0.192922
85088, 0.192717
85120, 0.192614
85152, 0.192723
85184, 0.192717
85216, 0.192938
85248, 0.192922
85280, 0.193024
85312, 0.193558
85344, 0.193331
85376, 0.193229
85408, 0.193434
85440, 0.193434
85472, 0.193434
85504, 0.193446
85536, 0.194752
85568, 0.193946
85600, 0.193843
85632, 0.193946
85664, 0.194048
85696, 0.193843
85728, 0.194048
85760, 0.19415
85792, 0.194662
85824, 0.194662
85856, 0.194458
85888, 0.19456
85920, 0.19456
85952, 0.194662
85984, 0.194662
86016, 0.19456
86048, 0.196096
86080, 0.195072
86112, 0.194867
86144, 0.195174
86176, 0.195235
86208, 0.195043
86240, 0.195277
86272, 0.195379
86304, 0.198758
86336, 0.195379
86368, 0.195686
86400, 0.195686
86432, 0.195686
86464, 0.195686
86496, 0.195923
86528, 0.195891
86560, 0.198042
86592, 0.195891
86624, 0.196198
86656, 0.196096
86688, 0.196096
86720, 0.196198
86752, 0.196403
86784, 0.196403
86816, 0.197222
86848, 0.196608
86880, 0.196608
86912, 0.196608
86944, 0.19671
86976, 0.196813
87008, 0.196915
87040, 0.196915
87072, 0.19705
87104, 0.19712
87136, 0.197222
87168, 0.197222
87200, 0.197427
87232, 0.197325
87264, 0.198246
87296, 0.19753
87328, 0.197837
87360, 0.197734
87392, 0.197766
87424, 0.197837
87456, 0.197939
87488, 0.197939
87520, 0.198451
87552, 0.198144
87584, 0.198246
87616, 0.198246
87648, 0.198349
87680, 0.198349
87712, 0.198451
87744, 0.198758
87776, 0.198861
87808, 0.198758
87840, 0.198963
87872, 0.201318
87904, 0.199066
87936, 0.199066
87968, 0.199168
88000, 0.199578
88032, 0.19927
88064, 0.199475
88096, 0.199488
88128, 0.199373
88160, 0.199475
88192, 0.199475
88224, 0.199578
88256, 0.200294
88288, 0.199885
88320, 0.199987
88352, 0.20009
88384, 0.20009
88416, 0.200192
88448, 0.200294
88480, 0.203674
88512, 0.200909
88544, 0.200499
88576, 0.200602
88608, 0.200704
88640, 0.200704
88672, 0.200806
88704, 0.200909
88736, 0.204186
88768, 0.201219
88800, 0.201318
88832, 0.201114
88864, 0.201114
88896, 0.201114
88928, 0.201318
88960, 0.20136
88992, 0.202752
89024, 0.201421
89056, 0.201626
89088, 0.201523
89120, 0.201728
89152, 0.201728
89184, 0.201728
89216, 0.20183
89248, 0.204186
89280, 0.201933
89312, 0.202138
89344, 0.202138
89376, 0.20224
89408, 0.202256
89440, 0.202445
89472, 0.202547
89504, 0.202854
89536, 0.20265
89568, 0.202752
89600, 0.202752
89632, 0.202877
89664, 0.202957
89696, 0.203059
89728, 0.203366
89760, 0.203059
89792, 0.203267
89824, 0.203366
89856, 0.204493
89888, 0.203469
89920, 0.203469
89952, 0.203469
89984, 0.204106
90016, 0.203571
90048, 0.203776
90080, 0.203981
90112, 0.203776
90144, 0.204083
90176, 0.203981
90208, 0.204186
90240, 0.204493
90272, 0.20439
90304, 0.20439
90336, 0.204595
90368, 0.204416
90400, 0.204493
90432, 0.204595
90464, 0.20521
90496, 0.204595
90528, 0.204902
90560, 0.2048
90592, 0.205005
90624, 0.205005
90656, 0.205107
90688, 0.205005
90720, 0.205722
90752, 0.205312
90784, 0.205539
90816, 0.205517
90848, 0.205619
90880, 0.205619
90912, 0.205722
90944, 0.206131
90976, 0.205824
91008, 0.205926
91040, 0.205926
91072, 0.205926
91104, 0.206131
91136, 0.206131
91168, 0.206234
91200, 0.206848
91232, 0.206336
91264, 0.206438
91296, 0.206438
91328, 0.206541
91360, 0.206666
91392, 0.206643
91424, 0.207462
91456, 0.207088
91488, 0.207171
91520, 0.207258
91552, 0.207155
91584, 0.207258
91616, 0.20736
91648, 0.20736
91680, 0.250368
91712, 0.207584
91744, 0.207667
91776, 0.20759
91808, 0.20777
91840, 0.207706
91872, 0.20777
91904, 0.208179
91936, 0.207872
91968, 0.207974
92000, 0.208179
92032, 0.20809
92064, 0.208179
92096, 0.208179
92128, 0.208282
92160, 0.208794
92192, 0.208384
92224, 0.208486
92256, 0.208589
92288, 0.208589
92320, 0.208691
92352, 0.208691
92384, 0.209408
92416, 0.208691
92448, 0.209101
92480, 0.208998
92512, 0.209114
92544, 0.209242
92576, 0.209408
92608, 0.209306
92640, 0.20992
92672, 0.20951
92704, 0.209715
92736, 0.20951
92768, 0.209715
92800, 0.209613
92832, 0.20992
92864, 0.249469
92896, 0.210125
92928, 0.210125
92960, 0.210125
92992, 0.210227
93024, 0.21033
93056, 0.21033
93088, 0.257024
93120, 0.210739
93152, 0.210739
93184, 0.210842
93216, 0.210739
93248, 0.210842
93280, 0.211046
93312, 0.253952
93344, 0.211558
93376, 0.211251
93408, 0.211251
93440, 0.211382
93472, 0.211354
93504, 0.211354
93536, 0.211354
93568, 0.254998
93600, 0.211661
93632, 0.211661
93664, 0.211968
93696, 0.211763
93728, 0.211968
93760, 0.211968
93792, 0.257466
93824, 0.212173
93856, 0.212378
93888, 0.212275
93920, 0.212397
93952, 0.212378
93984, 0.21248
94016, 0.257331
94048, 0.212992
94080, 0.212726
94112, 0.21289
94144, 0.212685
94176, 0.213094
94208, 0.212992
94240, 0.255808
94272, 0.213606
94304, 0.213299
94336, 0.213299
94368, 0.213402
94400, 0.213402
94432, 0.213504
94464, 0.213504
94496, 0.257536
94528, 0.213606
94560, 0.213811
94592, 0.213606
94624, 0.213914
94656, 0.213811
94688, 0.214118
94720, 0.258048
94752, 0.214442
94784, 0.214323
94816, 0.214323
94848, 0.214323
94880, 0.214528
94912, 0.21463
94944, 0.259277
94976, 0.214835
95008, 0.214938
95040, 0.214938
95072, 0.214938
95104, 0.21504
95136, 0.215142
95168, 0.260403
95200, 0.215552
95232, 0.215254
95264, 0.215347
95296, 0.215245
95328, 0.21545
95360, 0.21545
95392, 0.262147
95424, 0.216166
95456, 0.216064
95488, 0.215962
95520, 0.216045
95552, 0.215962
95584, 0.216064
95616, 0.258253
95648, 0.216781
95680, 0.216371
95712, 0.216371
95744, 0.216371
95776, 0.216371
95808, 0.216474
95840, 0.216586
95872, 0.260301
95904, 0.21679
95936, 0.216925
95968, 0.216986
96000, 0.216883
96032, 0.21719
96064, 0.217088
96096, 0.263475
96128, 0.217293
96160, 0.217498
96192, 0.217293
96224, 0.217498
96256, 0.217498
96288, 0.217702
96320, 0.261222
96352, 0.21801
96384, 0.21801
96416, 0.21801
96448, 0.217907
96480, 0.218112
96512, 0.218112
96544, 0.261446
96576, 0.218419
96608, 0.218624
96640, 0.218419
96672, 0.218522
96704, 0.218522
96736, 0.218726
96768, 0.262045
96800, 0.218726
96832, 0.218829
96864, 0.219034
96896, 0.218726
96928, 0.219238
96960, 0.219136
96992, 0.263578
97024, 0.219238
97056, 0.219341
97088, 0.219341
97120, 0.219546
97152, 0.219546
97184, 0.219648
97216, 0.263782
97248, 0.219955
97280, 0.219955
97312, 0.219955
97344, 0.219853
97376, 0.219955
97408, 0.22016
97440, 0.264704
97472, 0.220365
97504, 0.220467
97536, 0.22057
97568, 0.22056
97600, 0.220579
97632, 0.220672
97664, 0.264397
97696, 0.220774
97728, 0.220877
97760, 0.220998
97792, 0.220979
97824, 0.221664
97856, 0.220979
97888, 0.26577
97920, 0.221286
97952, 0.221491
97984, 0.221418
98016, 0.221491
98048, 0.221696
98080, 0.221594
98112, 0.265523
98144, 0.221901
98176, 0.221901
98208, 0.222003
98240, 0.222003
98272, 0.222106
98304, 0.222106
98336, 0.269005
98368, 0.22231
98400, 0.222413
98432, 0.222413
98464, 0.222413
98496, 0.222515
98528, 0.22263
98560, 0.223232
98592, 0.222925
98624, 0.223027
98656, 0.223027
98688, 0.223027
98720, 0.22313
98752, 0.223232
98784, 0.223846
98816, 0.223334
98848, 0.223539
98880, 0.223539
98912, 0.223744
98944, 0.223642
98976, 0.223642
99008, 0.224154
99040, 0.223949
99072, 0.223949
99104, 0.223846
99136, 0.223949
99168, 0.224051
99200, 0.268707
99232, 0.225075
99264, 0.224358
99296, 0.224461
99328, 0.224461
99360, 0.224579
99392, 0.224704
99424, 0.269312
99456, 0.225178
99488, 0.224973
99520, 0.225011
99552, 0.225178
99584, 0.225178
99616, 0.225178
99648, 0.270214
99680, 0.22569
99712, 0.225587
99744, 0.225587
99776, 0.225587
99808, 0.225485
99840, 0.225587
99872, 0.270848
99904, 0.225894
99936, 0.225997
99968, 0.225894
100000, 0.225997
100032, 0.225894
100064, 0.226099
100096, 0.269434
100128, 0.226611
100160, 0.226509
100192, 0.226611
100224, 0.226509
100256, 0.226714
100288, 0.22655
100320, 0.272998
100352, 0.226918
100384, 0.227123
100416, 0.227123
100448, 0.227123
100480, 0.227123
100512, 0.272195
100544, 0.227635
100576, 0.228352
100608, 0.22743
100640, 0.22743
100672, 0.227533
100704, 0.227533
100736, 0.272486
100768, 0.228045
100800, 0.227939
100832, 0.227942
100864, 0.227942
100896, 0.227942
100928, 0.227942
100960, 0.271667
100992, 0.228352
101024, 0.228352
101056, 0.228454
101088, 0.228454
101120, 0.228659
101152, 0.228659
101184, 0.272691
101216, 0.228864
101248, 0.228966
101280, 0.228864
101312, 0.228966
101344, 0.471136
101376, 0.283034
101408, 0.229376
101440, 0.229376
101472, 0.229376
101504, 0.229274
101536, 0.292557
101568, 0.229786
101600, 0.229683
101632, 0.229581
101664, 0.229683
101696, 0.229683
101728, 0.229786
101760, 0.274352
101792, 0.230003
101824, 0.22999
101856, 0.230093
101888, 0.230093
101920, 0.230195
101952, 0.230307
101984, 0.273715
102016, 0.230502
102048, 0.230605
102080, 0.230502
102112, 0.230605
102144, 0.230707
102176, 0.232858
102208, 0.231466
102240, 0.23113
102272, 0.231014
102304, 0.231219
102336, 0.231219
102368, 0.231322
102400, 0.275354
102432, 0.231834
102464, 0.231629
102496, 0.231629
102528, 0.231526
102560, 0.231526
102592, 0.231629
102624, 0.268493
102656, 0.231936
102688, 0.232038
102720, 0.231834
102752, 0.232141
102784, 0.232243
102816, 0.232266
102848, 0.27607
102880, 0.232653
102912, 0.232448
102944, 0.232448
102976, 0.232346
103008, 0.232653
103040, 0.276813
103072, 0.233062
103104, 0.23296
103136, 0.232858
103168, 0.232858
103200, 0.233082
103232, 0.233062
103264, 0.274534
103296, 0.23337
103328, 0.233472
103360, 0.233472
103392, 0.233574
103424, 0.233574
103456, 0.233882
103488, 0.234189
103520, 0.233808
103552, 0.233984
103584, 0.234086
103616, 0.234109
103648, 0.234291
103680, 0.278938
103712, 0.234611
103744, 0.234598
103776, 0.234598
103808, 0.234598
103840, 0.234701
103872, 0.234803
103904, 0.278221
103936, 0.235008
103968, 0.235008
104000, 0.234906
104032, 0.234803
104064, 0.23511
104096, 0.278323
104128, 0.235725
104160, 0.235622
104192, 0.235622
104224, 0.236822
104256, 0.235418
104288, 0.235622
104320, 0.280186
104352, 0.235827
104384, 0.235827
104416, 0.23593
104448, 0.23593
104480, 0.236237
104512, 0.236134
104544, 0.236646
104576, 0.236237
104608, 0.236339
104640, 0.236237
104672, 0.236339
104704, 0.236442
104736, 0.282112
104768, 0.236646
104800, 0.236851
104832, 0.236851
104864, 0.236954
104896, 0.236851
104928, 0.236954
104960, 0.281293
104992, 0.237261
105024, 0.237261
105056, 0.237366
105088, 0.237363
105120, 0.237568
105152, 0.282317
105184, 0.237875
105216, 0.237917
105248, 0.237875
105280, 0.237875
105312, 0.23808
105344, 0.237978
105376, 0.281907
105408, 0.238285
105440, 0.238387
105472, 0.238285
105504, 0.238387
105536, 0.238285
105568, 0.283443
105600, 0.238592
105632, 0.238797
105664, 0.238592
105696, 0.238723
105728, 0.238592
105760, 0.238899
105792, 0.282624
105824, 0.239206
105856, 0.239104
105888, 0.239206
105920, 0.239002
105952, 0.239206
105984, 0.283648
106016, 0.239418
106048, 0.239514
106080, 0.239514
106112, 0.239616
106144, 0.239616
106176, 0.239718
106208, 0.240333
106240, 0.239923
106272, 0.240026
106304, 0.240026
106336, 0.240026
106368, 0.240128
106400, 0.28897
106432, 0.240435
106464, 0.240538
106496, 0.240435
106528, 0.240538
106560, 0.240538
106592, 0.241357
106624, 0.241254
106656, 0.24105
106688, 0.240845
106720, 0.240947
106752, 0.241072
106784, 0.241152
106816, 0.285696
106848, 0.241357
106880, 0.241366
106912, 0.241664
106944, 0.241459
106976, 0.241664
107008, 0.286925
107040, 0.242176
107072, 0.241971
107104, 0.241971
107136, 0.241869
107168, 0.242176
107200, 0.242074
107232, 0.288051
107264, 0.242304
107296, 0.242278
107328, 0.242294
107360, 0.242381
107392, 0.242483
107424, 0.287462
107456, 0.242893
107488, 0.242998
107520, 0.242893
107552, 0.242893
107584, 0.242893
107616, 0.243302
107648, 0.243712
107680, 0.243405
107712, 0.243405
107744, 0.243507
107776, 0.243507
107808, 0.243507
107840, 0.289075
107872, 0.243642
107904, 0.243712
107936, 0.244019
107968, 0.24361
108000, 0.244019
108032, 0.288256
108064, 0.244531
108096, 0.244141
108128, 0.244346
108160, 0.244326
108192, 0.244326
108224, 0.244429
108256, 0.287744
108288, 0.244634
108320, 0.244736
108352, 0.244634
108384, 0.244634
108416, 0.244736
108448, 0.290611
108480, 0.245043
108512, 0.245146
108544, 0.245059
108576, 0.24535
108608, 0.245248
108640, 0.290611
108672, 0.245555
108704, 0.24576
108736, 0.245658
108768, 0.245658
108800, 0.24576
108832, 0.245862
108864, 0.246374
108896, 0.246067
108928, 0.246067
108960, 0.246067
108992, 0.24617
109024, 0.24617
109056, 0.291328
109088, 0.246477
109120, 0.246682
109152, 0.246682
109184, 0.246579
109216, 0.246682
109248, 0.291328
109280, 0.247194
109312, 0.246989
109344, 0.246989
109376, 0.247091
109408, 0.247194
109440, 0.246989
109472, 0.247706
109504, 0.247296
109536, 0.247398
109568, 0.247296
109600, 0.247603
109632, 0.247603
109664, 0.291942
109696, 0.247808
109728, 0.24791
109760, 0.247706
109792, 0.248013
109824, 0.248013
109856, 0.292762
109888, 0.248218
109920, 0.248422
109952, 0.248422
109984, 0.248445
110016, 0.248422
110048, 0.292659
110080, 0.24873
110112, 0.248934
110144, 0.248832
110176, 0.24873
110208, 0.248934
110240, 0.248934
110272, 0.249549
110304, 0.249139
110336, 0.249242
110368, 0.249344
110400, 0.249446
110432, 0.249549
110464, 0.292966
110496, 0.249651
110528, 0.249856
110560, 0.249651
110592, 0.249754
110624, 0.249958
110656, 0.29481
110688, 0.250163
110720, 0.250163
110752, 0.250163
110784, 0.250061
110816, 0.250266
110848, 0.295117
110880, 0.250573
110912, 0.25047
110944, 0.250506
110976, 0.250573
111008, 0.25047
111040, 0.250675
111072, 0.25129
111104, 0.250982
111136, 0.251085
111168, 0.251008
111200, 0.251085
111232, 0.250982
111264, 0.296141
111296, 0.251392
111328, 0.251494
111360, 0.251494
111392, 0.251597
111424, 0.251494
111456, 0.296755
111488, 0.251728
111520, 0.251802
111552, 0.251802
111584, 0.251802
111616, 0.251805
111648, 0.29696
111680, 0.252006
111712, 0.252109
111744, 0.252416
111776, 0.252445
111808, 0.252314
111840, 0.297165
111872, 0.252723
111904, 0.252723
111936, 0.252723
111968, 0.252826
112000, 0.252928
112032, 0.297472
112064, 0.253235
112096, 0.253133
112128, 0.253235
112160, 0.253235
112192, 0.253309
112224, 0.253338
112256, 0.253747
112288, 0.253645
112320, 0.253542
112352, 0.253542
112384, 0.253747
112416, 0.253747
112448, 0.254362
112480, 0.254054
112512, 0.254157
112544, 0.254054
112576, 0.254157
112608, 0.254259
112640, 0.298291
112672, 0.254464
112704, 0.254464
112736, 0.254362
112768, 0.254566
112800, 0.254669
112832, 0.299008
112864, 0.255078
112896, 0.254874
112928, 0.254976
112960, 0.255181
112992, 0.255312
113024, 0.299418
113056, 0.255386
113088, 0.255488
113120, 0.255386
113152, 0.255222
113184, 0.255386
113216, 0.300237
113248, 0.255693
113280, 0.255795
113312, 0.255898
113344, 0.255898
113376, 0.255898
113408, 0.300646
113440, 0.256102
113472, 0.256102
113504, 0.256307
113536, 0.25641
113568, 0.25641
113600, 0.256614
113632, 0.256707
113664, 0.25665
113696, 0.256822
113728, 0.256819
113760, 0.300749
113792, 0.257229
113824, 0.257024
113856, 0.257126
113888, 0.257024
113920, 0.257229
113952, 0.301578
113984, 0.257536
114016, 0.257536
114048, 0.257741
114080, 0.499507
114112, 0.310374
114144, 0.257946
114176, 0.257843
114208, 0.257946
114240, 0.257843
114272, 0.321536
114304, 0.258253
114336, 0.258458
114368, 0.258355
114400, 0.258355
114432, 0.258355
114464, 0.305869
114496, 0.25856
114528, 0.258765
114560, 0.258662
114592, 0.258765
114624, 0.258765
114656, 0.305357
114688, 0.258909
114720, 0.259072
114752, 0.25911
114784, 0.259277
114816, 0.259174
114848, 0.304845
114880, 0.259584
114912, 0.259709
114944, 0.259686
114976, 0.259789
115008, 0.259789
115040, 0.306074
115072, 0.259994
115104, 0.259994
115136, 0.259994
115168, 0.260096
115200, 0.260198
115232, 0.3072
115264, 0.260506
115296, 0.260506
115328, 0.260506
115360, 0.260608
115392, 0.260608
115424, 0.305869
115456, 0.260915
115488, 0.260915
115520, 0.260813
115552, 0.260813
115584, 0.260947
115616, 0.305869
115648, 0.261222
115680, 0.261325
115712, 0.261325
115744, 0.261222
115776, 0.261427
115808, 0.305971
115840, 0.261837
115872, 0.261837
115904, 0.261632
115936, 0.261734
115968, 0.261734
116000, 0.296346
116032, 0.262042
116064, 0.262144
116096, 0.262042
116128, 0.262042
116160, 0.262042
116192, 0.305869
116224, 0.262451
116256, 0.262486
116288, 0.262451
116320, 0.262656
116352, 0.262656
116384, 0.307917
116416, 0.262963
116448, 0.263066
116480, 0.262963
116512, 0.263168
116544, 0.263168
116576, 0.263885
116608, 0.263475
116640, 0.263475
116672, 0.263475
116704, 0.263578
116736, 0.263578
116768, 0.26409
116800, 0.263885
116832, 0.263885
116864, 0.263782
116896, 0.264096
116928, 0.263885
116960, 0.264422
116992, 0.264192
117024, 0.264397
117056, 0.264294
117088, 0.264499
117120, 0.264499
117152, 0.264909
117184, 0.26472
117216, 0.264909
117248, 0.264704
117280, 0.264893
117312, 0.308362
117344, 0.265216
117376, 0.265114
117408, 0.265114
117440, 0.265114
117472, 0.265216
117504, 0.310477
117536, 0.265523
117568, 0.265318
117600, 0.265626
117632, 0.265523
117664, 0.265728
117696, 0.310272
117728, 0.266035
117760, 0.266035
117792, 0.266035
117824, 0.26624
117856, 0.265933
117888, 0.310682
117920, 0.266342
117952, 0.266342
117984, 0.266445
118016, 0.266483
118048, 0.266445
118080, 0.310067
118112, 0.266771
118144, 0.266752
118176, 0.266752
118208, 0.266752
118240, 0.266854
118272, 0.267571
118304, 0.267162
118336, 0.267162
118368, 0.267059
118400, 0.267059
118432, 0.26921
118464, 0.267776
118496, 0.267507
118528, 0.267469
118560, 0.267501
118592, 0.267571
118624, 0.313446
118656, 0.268083
118688, 0.268186
118720, 0.267882
118752, 0.268115
118784, 0.268083
118816, 0.315597
118848, 0.268317
118880, 0.26839
118912, 0.268493
118944, 0.26839
118976, 0.268493
119008, 0.313677
119040, 0.268698
119072, 0.268902
119104, 0.268902
119136, 0.268902
119168, 0.269005
119200, 0.313037
119232, 0.269312
119264, 0.269312
119296, 0.269312
119328, 0.269312
119360, 0.26935
119392, 0.269926
119424, 0.269619
119456, 0.269619
119488, 0.269619
119520, 0.269731
119552, 0.313958
119584, 0.270234
119616, 0.270038
119648, 0.270131
119680, 0.270029
119712, 0.270131
119744, 0.315085
119776, 0.270234
119808, 0.270438
119840, 0.270541
119872, 0.270512
119904, 0.270746
119936, 0.314675
119968, 0.271053
120000, 0.271053
120032, 0.271053
120064, 0.270848
120096, 0.271155
120128, 0.271565
120160, 0.27136
120192, 0.27136
120224, 0.27136
120256, 0.27136
120288, 0.317018
120320, 0.271667
120352, 0.271667
120384, 0.271565
120416, 0.271565
120448, 0.271565
120480, 0.318976
120512, 0.271974
120544, 0.272179
120576, 0.272077
120608, 0.272077
120640, 0.272077
120672, 0.318054
120704, 0.272384
120736, 0.272384
120768, 0.272282
120800, 0.272486
120832, 0.272691
120864, 0.273203
120896, 0.272938
120928, 0.272998
120960, 0.272691
120992, 0.272794
121024, 0.318157
121056, 0.273306
121088, 0.273101
121120, 0.273203
121152, 0.273203
121184, 0.27351
121216, 0.318054
121248, 0.273613
121280, 0.273613
121312, 0.273613
121344, 0.273715
121376, 0.273715
121408, 0.274534
121440, 0.274022
121472, 0.274125
121504, 0.27392
121536, 0.274022
121568, 0.316826
121600, 0.274637
121632, 0.276077
121664, 0.274534
121696, 0.274637
121728, 0.274637
121760, 0.319386
121792, 0.274944
121824, 0.274739
121856, 0.274944
121888, 0.274739
121920, 0.275046
121952, 0.318259
121984, 0.275354
122016, 0.275251
122048, 0.275456
122080, 0.275725
122112, 0.321946
122144, 0.275786
122176, 0.275866
122208, 0.275661
122240, 0.275763
122272, 0.275866
122304, 0.324301
122336, 0.27607
122368, 0.276173
122400, 0.275968
122432, 0.276275
122464, 0.276173
122496, 0.27689
122528, 0.27648
122560, 0.276582
122592, 0.276378
122624, 0.276582
122656, 0.321434
122688, 0.27689
122720, 0.276992
122752, 0.277094
122784, 0.27689
122816, 0.276992
122848, 0.320717
122880, 0.277402
122912, 0.277299
122944, 0.277299
122976, 0.277402
123008, 0.277504
123040, 0.278016
123072, 0.277606
123104, 0.277709
123136, 0.277811
123168, 0.277811
123200, 0.323994
123232, 0.278016
123264, 0.278118
123296, 0.278118
123328, 0.278016
123360, 0.278118
123392, 0.321638
123424, 0.278528
123456, 0.27863
123488, 0.278426
123520, 0.278528
123552, 0.27863
123584, 0.27896
123616, 0.278835
123648, 0.279142
123680, 0.27904
123712, 0.27904
123744, 0.324429
123776, 0.279347
123808, 0.279334
123840, 0.27945
123872, 0.279373
123904, 0.282522
123936, 0.281293
123968, 0.279757
124000, 0.279757
124032, 0.279757
124064, 0.279962
124096, 0.327373
124128, 0.280166
124160, 0.280269
124192, 0.279962
124224, 0.280064
124256, 0.280166
124288, 0.324506
124320, 0.280576
124352, 0.280678
124384, 0.280883
124416, 0.280678
124448, 0.324301
124480, 0.280986
124512, 0.280986
124544, 0.280883
124576, 0.280781
124608, 0.281088
124640, 0.324506
124672, 0.281395
124704, 0.281293
124736, 0.281395
124768, 0.281395
124800, 0.281805
124832, 0.28201
124864, 0.281907
124896, 0.281805
124928, 0.281805
124960, 0.281843
124992, 0.32727
125024, 0.282112
125056, 0.282112
125088, 0.28201
125120, 0.282214
125152, 0.326042
125184, 0.282522
125216, 0.282653
125248, 0.282522
125280, 0.282522
125312, 0.282726
125344, 0.282829
125376, 0.282829
125408, 0.282829
125440, 0.282829
125472, 0.283238
125504, 0.327885
125536, 0.283341
125568, 0.283341
125600, 0.521907
125632, 0.359526
125664, 0.28375
125696, 0.28375
125728, 0.283853
125760, 0.283648
125792, 0.284058
125824, 0.346726
125856, 0.28416
125888, 0.28416
125920, 0.284262
125952, 0.28416
125984, 0.33065
126016, 0.284467
126048, 0.284467
126080, 0.284467
126112, 0.284467
126144, 0.28457
126176, 0.329933
126208, 0.284979
126240, 0.284877
126272, 0.284877
126304, 0.285082
126336, 0.329011
126368, 0.285206
126400, 0.285389
126432, 0.285389
126464, 0.285286
126496, 0.285389
126528, 0.286106
126560, 0.285594
126592, 0.285491
126624, 0.285491
126656, 0.285629
126688, 0.331059
126720, 0.286003
126752, 0.286003
126784, 0.286003
126816, 0.286106
126848, 0.286208
126880, 0.28672
126912, 0.286515
126944, 0.286413
126976, 0.286413
127008, 0.286557
127040, 0.331366
127072, 0.286656
127104, 0.286618
127136, 0.286822
127168, 0.28672
127200, 0.286822
127232, 0.287232
127264, 0.28713
127296, 0.28713
127328, 0.287027
127360, 0.287027
127392, 0.333517
127424, 0.287466
127456, 0.287539
127488, 0.287539
127520, 0.287642
127552, 0.287539
127584, 0.288051
127616, 0.288051
127648, 0.287949
127680, 0.287949
127712, 0.287949
127744, 0.332698
127776, 0.288154
127808, 0.288154
127840, 0.288154
127872, 0.288256
127904, 0.333824
127936, 0.28857
127968, 0.288666
128000, 0.288563
128032, 0.288563
128064, 0.288666
128096, 0.334438
128128, 0.28887
128160, 0.289075
128192, 0.288973
128224, 0.28928
128256, 0.333926
128288, 0.289485
128320, 0.289597
128352, 0.289514
128384, 0.289571
128416, 0.289587
128448, 0.290099
128480, 0.289997
128512, 0.289792
128544, 0.289894
128576, 0.289894
128608, 0.335053
128640, 0.290099
128672, 0.290406
128704, 0.290304
128736, 0.290406
128768, 0.336691
128800, 0.290816
128832, 0.290509
128864, 0.290717
128896, 0.290714
128928, 0.290816
128960, 0.334336
128992, 0.291226
129024, 0.291123
129056, 0.291123
129088, 0.291123
129120, 0.33577
129152, 0.29143
129184, 0.29143
129216, 0.291533
129248, 0.291635
129280, 0.291533
129312, 0.292045
129344, 0.29184
129376, 0.29184
129408, 0.291942
129440, 0.292045
129472, 0.335565
129504, 0.292147
129536, 0.292045
129568, 0.292147
129600, 0.29225
129632, 0.339661
129664, 0.292557
129696, 0.292557
129728, 0.292659
129760, 0.292659
129792, 0.292762
129824, 0.293274
129856, 0.292966
129888, 0.293274
129920, 0.292864
129952, 0.293171
129984, 0.336998
130016, 0.293274
130048, 0.293408
130080, 0.293581
130112, 0.293478
130144, 0.339354
130176, 0.293786
130208, 0.293786
130240, 0.293683
130272, 0.293888
130304, 0.2944
130336, 0.294298
130368, 0.294093
130400, 0.294298
130432, 0.29399
130464, 0.294298
130496, 0.338534
130528, 0.294605
130560, 0.294605
130592, 0.294707
130624, 0.294707
130656, 0.340685
130688, 0.295014
130720, 0.295219
130752, 0.294912
130784, 0.295322
130816, 0.295322
130848, 0.295526
130880, 0.295219
130912, 0.295526
130944, 0.295322
130976, 0.295424
131008, 0.339046
131040, 0.295731
