64, 0.0028352
96, 0.0024576
128, 0.0024576
160, 0.00256
192, 0.0026624
224, 0.0026624
256, 0.0027648
288, 0.0028672
320, 0.0029696
352, 0.0029696
384, 0.003072
416, 0.0031744
448, 0.0032768
480, 0.0032768
512, 0.0033856
544, 0.0034816
576, 0.0034944
608, 0.0036864
640, 0.0036864
672, 0.0038912
704, 0.0038912
736, 0.0048128
768, 0.004096
800, 0.0041984
832, 0.004096
864, 0.0043008
896, 0.0043008
928, 0.005632
960, 0.0045056
992, 0.004608
1024, 0.0047104
1056, 0.0047104
1088, 0.0047328
1120, 0.0049184
1152, 0.0049152
1184, 0.0050176
1216, 0.0052224
1248, 0.0052224
1280, 0.005632
1312, 0.0054272
1344, 0.0054272
1376, 0.0055296
1408, 0.005632
1440, 0.005632
1472, 0.0057536
1504, 0.0060416
1536, 0.0062464
1568, 0.0060416
1600, 0.006144
1632, 0.006144
1664, 0.0062592
1696, 0.0063488
1728, 0.0063488
1760, 0.0065536
1792, 0.0065536
1824, 0.006576
1856, 0.006656
1888, 0.0068608
1920, 0.0068608
1952, 0.0069632
1984, 0.0069632
2016, 0.0070656
2048, 0.0072
2080, 0.0072704
2112, 0.0074752
2144, 0.0073728
2176, 0.0076096
2208, 0.0075776
2240, 0.0075776
2272, 0.0077824
2304, 0.0077824
2336, 0.0078848
2368, 0.0079872
2400, 0.0079872
2432, 0.0080896
2464, 0.008192
2496, 0.008192
2528, 0.0082944
2560, 0.0083968
2592, 0.0084992
2624, 0.0084992
2656, 0.0086016
2688, 0.008704
2720, 0.0088064
2752, 0.0089088
2784, 0.0090112
2816, 0.0090112
2848, 0.0091328
2880, 0.0091136
2912, 0.0093184
2944, 0.0094208
2976, 0.0094208
3008, 0.0094208
3040, 0.0096256
3072, 0.009728
3104, 0.0098304
3136, 0.0098304
3168, 0.0098304
3200, 0.0099328
3232, 0.0099328
3264, 0.0101376
3296, 0.0101664
3328, 0.01024
3360, 0.01024
3392, 0.0104448
3424, 0.0104448
3456, 0.0105472
3488, 0.0105536
3520, 0.010752
3552, 0.0108544
3584, 0.0108544
3616, 0.0109568
3648, 0.0109568
3680, 0.0111616
3712, 0.0111616
3744, 0.011264
3776, 0.0113664
3808, 0.0114688
3840, 0.0114688
3872, 0.0115712
3904, 0.0116736
3936, 0.0116864
3968, 0.0118784
4000, 0.0118816
4032, 0.0120832
4064, 0.0120896
4096, 0.0121856
4128, 0.012288
4160, 0.012288
4192, 0.0123904
4224, 0.0124928
4256, 0.0124928
4288, 0.0125952
4320, 0.0126976
4352, 0.0128
4384, 0.0128
4416, 0.0129024
4448, 0.0131072
4480, 0.0132416
4512, 0.0132096
4544, 0.0134144
4576, 0.0135168
4608, 0.0135168
4640, 0.0136192
4672, 0.0137216
4704, 0.0136544
4736, 0.0137216
4768, 0.0138432
4800, 0.0144384
4832, 0.0140288
4864, 0.0140288
4896, 0.0142336
4928, 0.0141312
4960, 0.0144384
4992, 0.014336
5024, 0.0145408
5056, 0.0145408
5088, 0.0146432
5120, 0.0146432
5152, 0.0147456
5184, 0.014848
5216, 0.0149504
5248, 0.0149504
5280, 0.0151552
5312, 0.0151552
5344, 0.0152576
5376, 0.0152576
5408, 0.01536
5440, 0.0154624
5472, 0.0156672
5504, 0.0155648
5536, 0.0156672
5568, 0.0157696
5600, 0.015872
5632, 0.0159744
5664, 0.0162816
5696, 0.0160768
5728, 0.0161792
5760, 0.0162816
5792, 0.0162816
5824, 0.016384
5856, 0.0164864
5888, 0.0165888
5920, 0.0165888
5952, 0.0166912
5984, 0.0167936
6016, 0.016896
6048, 0.0169984
6080, 0.0169984
6112, 0.0172032
6144, 0.0172032
6176, 0.0172096
6208, 0.0173056
6240, 0.017408
6272, 0.0175104
6304, 0.0176128
6336, 0.0192512
6368, 0.0178176
6400, 0.0181248
6432, 0.0181248
6464, 0.0181248
6496, 0.0181248
6528, 0.0182272
6560, 0.0181248
6592, 0.0183296
6624, 0.0182272
6656, 0.018432
6688, 0.0184544
6720, 0.0186368
6752, 0.0186368
6784, 0.0187392
6816, 0.0187392
6848, 0.018944
6880, 0.018944
6912, 0.0190464
6944, 0.019072
6976, 0.0192512
7008, 0.0192512
7040, 0.0193536
7072, 0.019456
7104, 0.0195584
7136, 0.0195392
7168, 0.0197632
7200, 0.0197632
7232, 0.0198656
7264, 0.0198656
7296, 0.019968
7328, 0.0200704
7360, 0.0201728
7392, 0.0201728
7424, 0.0203776
7456, 0.0203776
7488, 0.02048
7520, 0.0219136
7552, 0.0206848
7584, 0.0206848
7616, 0.0208896
7648, 0.0208896
7680, 0.020992
7712, 0.0209984
7744, 0.0211968
7776, 0.0210944
7808, 0.0212992
7840, 0.0212992
7872, 0.0214016
7904, 0.021504
7936, 0.0216064
7968, 0.0217088
8000, 0.0248832
8032, 0.0219136
8064, 0.0220448
8096, 0.0222208
8128, 0.0221184
8160, 0.0222208
8192, 0.0223232
8224, 0.0222208
8256, 0.0223232
8288, 0.022528
8320, 0.022528
8352, 0.022528
8384, 0.0227328
8416, 0.0227328
8448, 0.0228352
8480, 0.0229376
8512, 0.02304
8544, 0.02304
8576, 0.0231424
8608, 0.0232448
8640, 0.0232448
8672, 0.0232448
8704, 0.023552
8736, 0.0234496
8768, 0.0236544
8800, 0.0236544
8832, 0.0237568
8864, 0.0237568
8896, 0.0239616
8928, 0.0239616
8960, 0.024064
8992, 0.024064
9024, 0.0242688
9056, 0.0243712
9088, 0.0244736
9120, 0.0244736
9152, 0.024576
9184, 0.024576
9216, 0.0247808
9248, 0.0246784
9280, 0.0262144
9312, 0.0248832
9344, 0.025088
9376, 0.025088
9408, 0.0251904
9440, 0.0251904
9472, 0.0260096
9504, 0.0256
9536, 0.0257024
9568, 0.0258048
9600, 0.0257024
9632, 0.0258048
9664, 0.0259072
9696, 0.0259072
9728, 0.0260096
9760, 0.026112
9792, 0.0262144
9824, 0.0262144
9856, 0.0263168
9888, 0.0263168
9920, 0.0265216
9952, 0.0264192
9984, 0.026624
10016, 0.026624
10048, 0.0268288
10080, 0.0268288
10112, 0.0269632
10144, 0.0269312
10176, 0.0270336
10208, 0.0275456
10240, 0.0272384
10272, 0.0272384
10304, 0.0274432
10336, 0.0275456
10368, 0.0275456
10400, 0.027648
10432, 0.0277504
10464, 0.0277504
10496, 0.0279552
10528, 0.0279552
10560, 0.0280576
10592, 0.0280576
10624, 0.0282624
10656, 0.0295936
10688, 0.0283648
10720, 0.0282624
10752, 0.0284672
10784, 0.0285696
10816, 0.028672
10848, 0.0289792
10880, 0.029184
10912, 0.029184
10944, 0.0290816
10976, 0.029184
11008, 0.029184
11040, 0.029184
11072, 0.0292864
11104, 0.0293888
11136, 0.0294912
11168, 0.0293888
11200, 0.0295936
11232, 0.029696
11264, 0.0297984
11296, 0.0297984
11328, 0.0299008
11360, 0.0300032
11392, 0.0301056
11424, 0.0301056
11456, 0.0303104
11488, 0.0300032
11520, 0.0304128
11552, 0.0305152
11584, 0.0305152
11616, 0.0305152
11648, 0.03072
11680, 0.03072
11712, 0.0308224
11744, 0.0308224
11776, 0.0310272
11808, 0.0311296
11840, 0.0311296
11872, 0.031232
11904, 0.0314368
11936, 0.0313344
11968, 0.0315392
12000, 0.0315392
12032, 0.0315392
12064, 0.0316416
12096, 0.0320512
12128, 0.032256
12160, 0.0321792
12192, 0.0321536
12224, 0.032256
12256, 0.0320512
12288, 0.0323584
12320, 0.0324608
12352, 0.0324608
12384, 0.0325632
12416, 0.0326656
12448, 0.0325632
12480, 0.032768
12512, 0.0328704
12544, 0.0329728
12576, 0.0329952
12608, 0.0329792
12640, 0.0331776
12672, 0.03328
12704, 0.03328
12736, 0.0334144
12768, 0.0334848
12800, 0.0334848
12832, 0.0334848
12864, 0.0336896
12896, 0.0336896
12928, 0.033792
12960, 0.0338944
12992, 0.0339968
13024, 0.0339968
13056, 0.0342016
13088, 0.0342016
13120, 0.034304
13152, 0.034304
13184, 0.0344064
13216, 0.0345088
13248, 0.0346112
13280, 0.0350208
13312, 0.0351232
13344, 0.0350208
13376, 0.0350208
13408, 0.0349184
13440, 0.0351232
13472, 0.0351232
13504, 0.0352256
13536, 0.035328
13568, 0.0354304
13600, 0.0354304
13632, 0.0355328
13664, 0.0356352
13696, 0.03584
13728, 0.0357376
13760, 0.0359424
13792, 0.0359424
13824, 0.0360448
13856, 0.0360448
13888, 0.0362496
13920, 0.0362496
13952, 0.036352
13984, 0.0364544
14016, 0.0364544
14048, 0.0372736
14080, 0.0369856
14112, 0.0366592
14144, 0.0367616
14176, 0.036864
14208, 0.0369728
14240, 0.0369664
14272, 0.0370688
14304, 0.0371712
14336, 0.037376
14368, 0.0376832
14400, 0.0377856
14432, 0.0376832
14464, 0.0377856
14496, 0.0375808
14528, 0.0377856
14560, 0.0379232
14592, 0.037888
14624, 0.0379904
14656, 0.0380928
14688, 0.0380928
14720, 0.0381952
14752, 0.0382976
14784, 0.0385024
14816, 0.0384
14848, 0.0385024
14880, 0.0386048
14912, 0.0387072
14944, 0.0387072
14976, 0.038912
15008, 0.038912
15040, 0.0390464
15072, 0.0390144
15104, 0.0393216
15136, 0.0392192
15168, 0.0393216
15200, 0.0393216
15232, 0.0395264
15264, 0.0395264
15296, 0.0396288
15328, 0.0397312
15360, 0.0397312
15392, 0.0398336
15424, 0.0403456
15456, 0.0403456
15488, 0.0403456
15520, 0.0402432
15552, 0.0402432
15584, 0.0403456
15616, 0.040448
15648, 0.040448
15680, 0.0405504
15712, 0.0406528
15744, 0.0407552
15776, 0.0408576
15808, 0.0408576
15840, 0.0408576
15872, 0.0411648
15904, 0.0410624
15936, 0.0411648
15968, 0.0413696
16000, 0.041472
16032, 0.041472
16064, 0.0418816
16096, 0.0415744
16128, 0.0417792
16160, 0.0416768
16192, 0.0418816
16224, 0.0418816
16256, 0.041984
16288, 0.0420864
16320, 0.0421888
16352, 0.0421888
16384, 0.043008
16416, 0.0427008
16448, 0.0428032
16480, 0.0425984
16512, 0.0427008
16544, 0.0425984
16576, 0.0429056
16608, 0.0429056
16640, 0.043008
16672, 0.043008
16704, 0.0431104
16736, 0.0432128
16768, 0.0432128
16800, 0.0433152
16832, 0.0433152
16864, 0.0434176
16896, 0.04352
16928, 0.0436224
16960, 0.0437248
16992, 0.0437248
17024, 0.0438272
17056, 0.0439296
17088, 0.0439616
17120, 0.0443392
17152, 0.0442368
17184, 0.0442368
17216, 0.0443392
17248, 0.0444416
17280, 0.0444416
17312, 0.0446464
17344, 0.0451584
17376, 0.0452608
17408, 0.0449536
17440, 0.0449536
17472, 0.0448512
17504, 0.045056
17536, 0.0451584
17568, 0.0451584
17600, 0.0452608
17632, 0.0453632
17664, 0.0454816
17696, 0.045568
17728, 0.045568
17760, 0.045568
17792, 0.0458752
17824, 0.0457728
17856, 0.0457728
17888, 0.0458752
17920, 0.0459776
17952, 0.0461824
17984, 0.0461088
18016, 0.0462848
18048, 0.0462848
18080, 0.0478208
18112, 0.046592
18144, 0.046592
18176, 0.046592
18208, 0.0467968
18240, 0.0498688
18272, 0.0473088
18304, 0.0474112
18336, 0.0473088
18368, 0.047104
18400, 0.0473088
18432, 0.0474112
18464, 0.0475136
18496, 0.047616
18528, 0.0475136
18560, 0.047616
18592, 0.0478208
18624, 0.0477184
18656, 0.0477184
18688, 0.0480256
18720, 0.0480256
18752, 0.048128
18784, 0.048128
18816, 0.0481664
18848, 0.0482304
18880, 0.0483328
18912, 0.0484352
18944, 0.0485376
18976, 0.04864
19008, 0.0487424
19040, 0.0488448
19072, 0.0488448
19104, 0.0488448
19136, 0.0495616
19168, 0.049664
19200, 0.0493568
19232, 0.0492544
19264, 0.0494592
19296, 0.0494592
19328, 0.0495616
19360, 0.049664
19392, 0.0496672
19424, 0.0497664
19456, 0.0497664
19488, 0.0498688
19520, 0.0499712
19552, 0.0502976
19584, 0.050176
19616, 0.050176
19648, 0.0502784
19680, 0.0504832
19712, 0.0503808
19744, 0.0504832
19776, 0.0507136
19808, 0.0507904
19840, 0.0508928
19872, 0.0507904
19904, 0.0508928
19936, 0.0509952
19968, 0.0513024
20000, 0.051712
20032, 0.0515072
20064, 0.0515072
20096, 0.0516096
20128, 0.0489472
20160, 0.0452608
20192, 0.0451584
20224, 0.0453632
20256, 0.0453632
20288, 0.0454656
20320, 0.0454656
20352, 0.045584
20384, 0.045568
20416, 0.0456704
20448, 0.0457728
20480, 0.0458752
20512, 0.0458752
20544, 0.0458752
20576, 0.04608
20608, 0.04608
20640, 0.0461824
20672, 0.0462848
20704, 0.0461824
20736, 0.0464256
20768, 0.0463872
20800, 0.046496
20832, 0.046592
20864, 0.0466944
20896, 0.0470016
20928, 0.047104
20960, 0.0469088
20992, 0.0477184
21024, 0.047104
21056, 0.0472064
21088, 0.047104
21120, 0.0472064
21152, 0.0472064
21184, 0.0473088
21216, 0.0474112
21248, 0.0475296
21280, 0.0475136
21312, 0.047616
21344, 0.047616
21376, 0.0478208
21408, 0.0478208
21440, 0.0479232
21472, 0.0480256
21504, 0.0479648
21536, 0.048128
21568, 0.048128
21600, 0.0482304
21632, 0.0483328
21664, 0.0482304
21696, 0.0484352
21728, 0.0484352
21760, 0.0489472
21792, 0.0490496
21824, 0.0487424
21856, 0.0488448
21888, 0.0488448
21920, 0.0489472
21952, 0.0492544
21984, 0.0490656
22016, 0.0492544
22048, 0.049152
22080, 0.0492544
22112, 0.0492544
22144, 0.0504832
22176, 0.0494592
22208, 0.0495616
22240, 0.0495616
22272, 0.0495616
22304, 0.049664
22336, 0.0498688
22368, 0.0498688
22400, 0.05
22432, 0.0499712
22464, 0.050176
22496, 0.0500736
22528, 0.050176
22560, 0.050176
22592, 0.0503808
22624, 0.0507904
22656, 0.0509952
22688, 0.050688
22720, 0.050688
22752, 0.050688
22784, 0.0507904
22816, 0.0507904
22848, 0.0509952
22880, 0.0509952
22912, 0.0510976
22944, 0.0512
22976, 0.0512
23008, 0.0512
23040, 0.0513024
23072, 0.0514048
23104, 0.0515072
23136, 0.0514048
23168, 0.0516096
23200, 0.051712
23232, 0.0517312
23264, 0.051712
23296, 0.0518144
23328, 0.0519168
23360, 0.0519168
23392, 0.0520192
23424, 0.0526336
23456, 0.0526336
23488, 0.052736
23520, 0.0524288
23552, 0.0524288
23584, 0.0525312
23616, 0.0526336
23648, 0.0525312
23680, 0.0526336
23712, 0.052736
23744, 0.0528384
23776, 0.0529408
23808, 0.05288
23840, 0.0530432
23872, 0.0531456
23904, 0.0530432
23936, 0.053248
23968, 0.053248
24000, 0.0533504
24032, 0.0533504
24064, 0.0534528
24096, 0.0534528
24128, 0.0536576
24160, 0.0536576
24192, 0.05376
24224, 0.0538624
24256, 0.055296
24288, 0.0543744
24320, 0.0542016
24352, 0.0541696
24384, 0.054272
24416, 0.054272
24448, 0.0543744
24480, 0.0543744
24512, 0.0544768
24544, 0.0544768
24576, 0.0546816
24608, 0.0545792
24640, 0.054784
24672, 0.0546816
24704, 0.054784
24736, 0.0548864
24768, 0.0549888
24800, 0.0549888
24832, 0.0551936
24864, 0.0550912
24896, 0.055296
24928, 0.055296
24960, 0.0555008
24992, 0.0553984
25024, 0.0556032
25056, 0.0560128
25088, 0.0561152
25120, 0.0559104
25152, 0.0559104
25184, 0.0560128
25216, 0.0559104
25248, 0.0560128
25280, 0.0561152
25312, 0.0561152
25344, 0.05632
25376, 0.05632
25408, 0.0564224
25440, 0.0564224
25472, 0.0565248
25504, 0.0566272
25536, 0.0566272
25568, 0.0566272
25600, 0.056832
25632, 0.056832
25664, 0.0569344
25696, 0.0570368
25728, 0.05704
25760, 0.0571392
25792, 0.0571392
25824, 0.0576512
25856, 0.0577536
25888, 0.0574464
25920, 0.0575488
25952, 0.0579584
25984, 0.0577536
26016, 0.0577536
26048, 0.0577536
26080, 0.0577536
26112, 0.0579584
26144, 0.0579584
26176, 0.0580608
26208, 0.0580608
26240, 0.0582656
26272, 0.0582656
26304, 0.0582656
26336, 0.058368
26368, 0.0584768
26400, 0.0584704
26432, 0.0585728
26464, 0.0585728
26496, 0.0586752
26528, 0.0587776
26560, 0.0618688
26592, 0.0592896
26624, 0.0592896
26656, 0.0590848
26688, 0.0591872
26720, 0.0591872
26752, 0.0592896
26784, 0.059392
26816, 0.059392
26848, 0.059392
26880, 0.0595968
26912, 0.0595968
26944, 0.0609344
26976, 0.0598016
27008, 0.059904
27040, 0.059904
27072, 0.0600064
27104, 0.0600064
27136, 0.0602112
27168, 0.0601088
27200, 0.0602112
27232, 0.0603136
27264, 0.060416
27296, 0.060416
27328, 0.0610304
27360, 0.0608256
27392, 0.0607232
27424, 0.0608256
27456, 0.0608256
27488, 0.060928
27520, 0.0610304
27552, 0.0610304
27584, 0.0611328
27616, 0.0611328
27648, 0.0611328
27680, 0.0611328
27712, 0.0613376
27744, 0.06144
27776, 0.06144
27808, 0.0615424
27840, 0.0616448
27872, 0.0616448
27904, 0.0627712
27936, 0.0618496
27968, 0.0618496
28000, 0.061952
28032, 0.0620544
28064, 0.0620544
28096, 0.0622592
28128, 0.0622592
28160, 0.0623616
28192, 0.0623616
28224, 0.062464
28256, 0.062464
28288, 0.0625664
28320, 0.0625664
28352, 0.0627712
28384, 0.0627712
28416, 0.0627712
28448, 0.0628736
28480, 0.062976
28512, 0.062976
28544, 0.0630784
28576, 0.0631808
28608, 0.0631808
28640, 0.0632832
28672, 0.0638976
28704, 0.0638976
28736, 0.0636064
28768, 0.0635904
28800, 0.0636928
28832, 0.0636928
28864, 0.0638976
28896, 0.0638976
28928, 0.064
28960, 0.0638976
28992, 0.064
29024, 0.0641024
29056, 0.0642048
29088, 0.0642048
29120, 0.0643456
29152, 0.0644096
29184, 0.064512
29216, 0.0644096
29248, 0.0646144
29280, 0.0646144
29312, 0.0647168
29344, 0.0648192
29376, 0.0654336
29408, 0.0652288
29440, 0.0651264
29472, 0.0652288
29504, 0.0653312
29536, 0.0653312
29568, 0.0654336
29600, 0.0653312
29632, 0.065536
29664, 0.0654336
29696, 0.0656384
29728, 0.0656384
29760, 0.0658944
29792, 0.0659456
29824, 0.0659392
29856, 0.0657408
29888, 0.0662528
29920, 0.0659456
29952, 0.066048
29984, 0.0662528
30016, 0.0663552
30048, 0.0663552
30080, 0.0664576
30112, 0.06656
30144, 0.06656
30176, 0.0666624
30208, 0.0666816
30240, 0.0666624
30272, 0.0667648
30304, 0.0667648
30336, 0.0668672
30368, 0.0669696
30400, 0.0669696
30432, 0.0671744
30464, 0.0671744
30496, 0.0674816
30528, 0.0671744
30560, 0.0674816
30592, 0.0674816
30624, 0.0676864
30656, 0.0676864
30688, 0.0676864
30720, 0.0678144
30752, 0.0678912
30784, 0.0678912
30816, 0.0678912
30848, 0.068096
30880, 0.068096
30912, 0.0681984
30944, 0.0681984
30976, 0.0683264
31008, 0.0684032
31040, 0.06832
31072, 0.068608
31104, 0.0688128
31136, 0.0690176
31168, 0.068816
31200, 0.0689152
31232, 0.0689152
31264, 0.0690208
31296, 0.06912
31328, 0.06912
31360, 0.0692224
31392, 0.0693248
31424, 0.0693248
31456, 0.0693248
31488, 0.0694272
31520, 0.0695296
31552, 0.0694272
31584, 0.0697344
31616, 0.0697344
31648, 0.0698368
31680, 0.0698368
31712, 0.0698368
31744, 0.070144
31776, 0.0705856
31808, 0.0702464
31840, 0.0702464
31872, 0.0702464
31904, 0.0703488
31936, 0.0704512
31968, 0.0704512
32000, 0.070656
32032, 0.0705536
32064, 0.0705536
32096, 0.0707232
32128, 0.0707584
32160, 0.0708608
32192, 0.0708608
32224, 0.0709632
32256, 0.0710688
32288, 0.071168
32320, 0.071168
32352, 0.0712704
32384, 0.0714752
32416, 0.0720896
32448, 0.0715776
32480, 0.0715776
32512, 0.0717824
32544, 0.0717824
32576, 0.0718848
32608, 0.0717824
32640, 0.0718848
32672, 0.0719872
32704, 0.0720896
32736, 0.0720896
32768, 0.0720896
32800, 0.072192
32832, 0.072192
32864, 0.0722944
32896, 0.0724992
32928, 0.0724992
32960, 0.0724992
32992, 0.074752
33024, 0.0733184
33056, 0.073136
33088, 0.0729088
33120, 0.0730112
33152, 0.0730112
33184, 0.073216
33216, 0.0731136
33248, 0.0731136
33280, 0.0733184
33312, 0.0733184
33344, 0.0734208
33376, 0.0734208
33408, 0.0735232
33440, 0.0735232
33472, 0.073728
33504, 0.0738304
33536, 0.073728
33568, 0.0738304
33600, 0.0738432
33632, 0.0748544
33664, 0.0744448
33696, 0.07424
33728, 0.07424
33760, 0.0744448
33792, 0.0743424
33824, 0.0744448
33856, 0.0754688
33888, 0.0745472
33920, 0.0745472
33952, 0.0748416
33984, 0.074896
34016, 0.0748544
34048, 0.0748544
34080, 0.0748544
34112, 0.0749568
34144, 0.0751616
34176, 0.0750848
34208, 0.0751616
34240, 0.0758784
34272, 0.075776
34304, 0.0754688
34336, 0.0754688
34368, 0.0755712
34400, 0.075776
34432, 0.075776
34464, 0.0758784
34496, 0.0758176
34528, 0.0759808
34560, 0.0759808
34592, 0.0760704
34624, 0.0760832
34656, 0.076288
34688, 0.0761856
34720, 0.0762976
34752, 0.076288
34784, 0.0763904
34816, 0.0764928
34848, 0.077312
34880, 0.0768
34912, 0.0766976
34944, 0.0769024
34976, 0.0770048
35008, 0.0770048
35040, 0.0771072
35072, 0.0772096
35104, 0.0771072
35136, 0.0772096
35168, 0.077312
35200, 0.0773216
35232, 0.0774144
35264, 0.0774144
35296, 0.0775168
35328, 0.0776192
35360, 0.0776192
35392, 0.077824
35424, 0.0782336
35456, 0.0782336
35488, 0.0780288
35520, 0.0781312
35552, 0.0782336
35584, 0.0782336
35616, 0.0782336
35648, 0.078336
35680, 0.0784384
35712, 0.0784384
35744, 0.0785408
35776, 0.0786432
35808, 0.0787456
35840, 0.0787456
35872, 0.078848
35904, 0.0789504
35936, 0.0789504
35968, 0.0789504
36000, 0.0792576
36032, 0.0796672
36064, 0.07936
36096, 0.0792576
36128, 0.0795648
36160, 0.0794624
36192, 0.0794624
36224, 0.0795648
36256, 0.0796672
36288, 0.0796672
36320, 0.0796672
36352, 0.0797696
36384, 0.079872
36416, 0.079872
36448, 0.0799744
36480, 0.0799744
36512, 0.0800768
36544, 0.0800992
36576, 0.0803936
36608, 0.0807936
36640, 0.0805888
36672, 0.0804864
36704, 0.0806912
36736, 0.0805888
36768, 0.0806752
36800, 0.0807936
36832, 0.0807936
36864, 0.080896
36896, 0.0810176
36928, 0.0809984
36960, 0.0811008
36992, 0.0811008
37024, 0.0812352
37056, 0.0813056
37088, 0.0813216
37120, 0.081408
37152, 0.0823296
37184, 0.08192
37216, 0.0817152
37248, 0.0818176
37280, 0.08192
37312, 0.08192
37344, 0.08192
37376, 0.0820224
37408, 0.0821248
37440, 0.0821248
37472, 0.0821248
37504, 0.0822272
37536, 0.082432
37568, 0.082432
37600, 0.082432
37632, 0.0825408
37664, 0.0825344
37696, 0.0827392
37728, 0.0833536
37760, 0.082944
37792, 0.082944
37824, 0.082944
37856, 0.0832512
37888, 0.0831488
37920, 0.0832512
37952, 0.0832512
37984, 0.0832512
38016, 0.0833536
38048, 0.083456
38080, 0.083456
38112, 0.0835584
38144, 0.0836608
38176, 0.0838656
38208, 0.0837632
38240, 0.086528
38272, 0.0846848
38304, 0.0841728
38336, 0.0840704
38368, 0.0843136
38400, 0.0842752
38432, 0.0843776
38464, 0.08448
38496, 0.0843776
38528, 0.0847872
38560, 0.0845824
38592, 0.0846144
38624, 0.0845824
38656, 0.0847872
38688, 0.0848128
38720, 0.0848896
38752, 0.084992
38784, 0.084992
38816, 0.0858112
38848, 0.0854016
38880, 0.0852992
38912, 0.0854016
38944, 0.085504
38976, 0.0854016
39008, 0.0856064
39040, 0.0856064
39072, 0.0856416
39104, 0.0857088
39136, 0.0857312
39168, 0.0858112
39200, 0.0859136
39232, 0.0859136
39264, 0.086016
39296, 0.086128
39328, 0.08704
39360, 0.08704
39392, 0.086528
39424, 0.0864256
39456, 0.0866304
39488, 0.0866304
39520, 0.0866304
39552, 0.0873472
39584, 0.0867328
39616, 0.0868352
39648, 0.08704
39680, 0.08704
39712, 0.0869696
39744, 0.0871424
39776, 0.0871424
39808, 0.0874496
39840, 0.0872448
39872, 0.0878592
39904, 0.0878592
39936, 0.087552
39968, 0.0875776
40000, 0.0876544
40032, 0.0877664
40064, 0.0877568
40096, 0.0878592
40128, 0.0879616
40160, 0.088064
40192, 0.0881664
40224, 0.0881664
40256, 0.0882688
40288, 0.0882688
40320, 0.0882688
40352, 0.0884736
40384, 0.0884736
40416, 0.0892928
40448, 0.0888832
40480, 0.088816
40512, 0.0888832
40544, 0.0889952
40576, 0.0888832
40608, 0.0889856
40640, 0.0889856
40672, 0.089088
40704, 0.0891904
40736, 0.0891904
40768, 0.0892928
40800, 0.0893952
40832, 0.0894976
40864, 0.0894976
40896, 0.0895072
40928, 0.0905216
40960, 0.0900096
40992, 0.0898048
41024, 0.0900096
41056, 0.0904192
41088, 0.0900096
41120, 0.0900448
41152, 0.090112
41184, 0.0902144
41216, 0.0903168
41248, 0.0903392
41280, 0.0904192
41312, 0.0905216
41344, 0.0905216
41376, 0.0905216
41408, 0.090624
41440, 0.0914432
41472, 0.091136
41504, 0.0908288
41536, 0.0910336
41568, 0.0910336
41600, 0.0912384
41632, 0.091136
41664, 0.0912384
41696, 0.0913408
41728, 0.0914432
41760, 0.0913408
41792, 0.0915456
41824, 0.0914432
41856, 0.091648
41888, 0.0917504
41920, 0.0920576
41952, 0.092672
41984, 0.09216
42016, 0.0918816
42048, 0.09216
42080, 0.09216
42112, 0.09216
42144, 0.0923648
42176, 0.0922624
42208, 0.0923648
42240, 0.0924672
42272, 0.0924672
42304, 0.0925696
42336, 0.0925696
42368, 0.0927744
42400, 0.092672
42432, 0.0927744
42464, 0.0937984
42496, 0.093184
42528, 0.0930816
42560, 0.093184
42592, 0.0932864
42624, 0.0932864
42656, 0.0932864
42688, 0.0934912
42720, 0.0934912
42752, 0.0935936
42784, 0.0935936
42816, 0.093696
42848, 0.093696
42880, 0.093888
42912, 0.0937984
42944, 0.0973216
42976, 0.0945152
43008, 0.094208
43040, 0.094208
43072, 0.0943104
43104, 0.0943104
43136, 0.0945152
43168, 0.0944128
43200, 0.0946176
43232, 0.0945152
43264, 0.0946176
43296, 0.0950272
43328, 0.09472
43360, 0.09472
43392, 0.0949248
43424, 0.0950272
43456, 0.0959488
43488, 0.0953344
43520, 0.0953344
43552, 0.0953344
43584, 0.0954368
43616, 0.0955392
43648, 0.0955712
43680, 0.0955392
43712, 0.0956416
43744, 0.0955392
43776, 0.095744
43808, 0.095744
43840, 0.0959488
43872, 0.0959488
43904, 0.0960512
43936, 0.0969728
43968, 0.0965632
44000, 0.096256
44032, 0.0963584
44064, 0.0964608
44096, 0.0964608
44128, 0.0965632
44160, 0.0965632
44192, 0.0965632
44224, 0.096768
44256, 0.096768
44288, 0.0968704
44320, 0.0968704
44352, 0.0968704
44384, 0.0969728
44416, 0.0992256
44448, 0.0974112
44480, 0.09728
44512, 0.0973824
44544, 0.097504
44576, 0.0973824
44608, 0.0975872
44640, 0.0974848
44672, 0.0975872
44704, 0.0978688
44736, 0.097792
44768, 0.0978944
44800, 0.0978944
44832, 0.0979968
44864, 0.0979968
44896, 0.0990208
44928, 0.0984064
44960, 0.098304
44992, 0.0984064
45024, 0.0985088
45056, 0.0985088
45088, 0.0986112
45120, 0.0986112
45152, 0.0987264
45184, 0.098816
45216, 0.0987136
45248, 0.0989184
45280, 0.0990208
45312, 0.0991232
45344, 0.0990208
45376, 0.100045
45408, 0.0995328
45440, 0.099328
45472, 0.0994208
45504, 0.0994304
45536, 0.0994304
45568, 0.0996352
45600, 0.100659
45632, 0.0996352
45664, 0.0996352
45696, 0.09984
45728, 0.100045
45760, 0.0999424
45792, 0.0999424
45824, 0.100147
45856, 0.100864
45888, 0.100454
45920, 0.100352
45952, 0.100557
45984, 0.100557
46016, 0.100659
46048, 0.100557
46080, 0.100659
46112, 0.100762
46144, 0.100762
46176, 0.100864
46208, 0.100966
46240, 0.100966
46272, 0.101069
46304, 0.101581
46336, 0.101603
46368, 0.101206
46400, 0.101478
46432, 0.101478
46464, 0.101478
46496, 0.101581
46528, 0.101581
46560, 0.101683
46592, 0.101683
46624, 0.101888
46656, 0.10199
46688, 0.10199
46720, 0.102093
46752, 0.102502
46784, 0.102912
46816, 0.102419
46848, 0.1024
46880, 0.102605
46912, 0.102502
46944, 0.102605
46976, 0.102502
47008, 0.102605
47040, 0.102707
47072, 0.10281
47104, 0.10281
47136, 0.102912
47168, 0.102912
47200, 0.103219
47232, 0.103936
47264, 0.103424
47296, 0.103322
47328, 0.103322
47360, 0.103424
47392, 0.103443
47424, 0.103424
47456, 0.103629
47488, 0.103629
47520, 0.103731
47552, 0.103731
47584, 0.103936
47616, 0.103936
47648, 0.10401
47680, 0.104653
47712, 0.104448
47744, 0.104346
47776, 0.104448
47808, 0.104346
47840, 0.104346
47872, 0.104653
47904, 0.104653
47936, 0.104653
47968, 0.104755
48000, 0.104858
48032, 0.10496
48064, 0.104931
48096, 0.104858
48128, 0.105472
48160, 0.105574
48192, 0.105165
48224, 0.105472
48256, 0.105472
48288, 0.105472
48320, 0.105472
48352, 0.105472
48384, 0.105677
48416, 0.105574
48448, 0.105779
48480, 0.105882
48512, 0.106045
48544, 0.105984
48576, 0.106496
48608, 0.106429
48640, 0.106189
48672, 0.106394
48704, 0.106394
48736, 0.106291
48768, 0.106496
48800, 0.106496
48832, 0.106598
48864, 0.106701
48896, 0.106701
48928, 0.106832
48960, 0.106803
48992, 0.106906
49024, 0.10752
49056, 0.107315
49088, 0.107008
49120, 0.107315
49152, 0.107315
49184, 0.107315
49216, 0.107418
49248, 0.107418
49280, 0.10752
49312, 0.107622
49344, 0.107725
49376, 0.107763
49408, 0.107827
49440, 0.107827
49472, 0.108851
49504, 0.108237
49536, 0.108032
49568, 0.108237
49600, 0.108646
49632, 0.108442
49664, 0.108442
49696, 0.108442
49728, 0.108544
49760, 0.108544
49792, 0.108646
49824, 0.108749
49856, 0.108749
49888, 0.108893
49920, 0.10967
49952, 0.109056
49984, 0.109158
50016, 0.109363
50048, 0.109261
50080, 0.109363
50112, 0.109363
50144, 0.109392
50176, 0.109466
50208, 0.109574
50240, 0.10967
50272, 0.10967
50304, 0.109773
50336, 0.11049
50368, 0.110218
50400, 0.109978
50432, 0.11008
50464, 0.110285
50496, 0.110192
50528, 0.11031
50560, 0.110285
50592, 0.110285
50624, 0.110387
50656, 0.110592
50688, 0.110592
50720, 0.110694
50752, 0.110694
50784, 0.111616
50816, 0.110899
50848, 0.111104
50880, 0.111104
50912, 0.111104
50944, 0.111104
50976, 0.111206
51008, 0.111104
51040, 0.111309
51072, 0.111309
51104, 0.111514
51136, 0.111514
51168, 0.111514
51200, 0.11265
51232, 0.111923
51264, 0.111821
51296, 0.111923
51328, 0.111923
51360, 0.112026
51392, 0.112026
51424, 0.112154
51456, 0.11223
51488, 0.112333
51520, 0.112333
51552, 0.112333
51584, 0.112435
51616, 0.113152
51648, 0.11296
51680, 0.11264
51712, 0.112845
51744, 0.11295
51776, 0.112947
51808, 0.113053
51840, 0.112947
51872, 0.11305
51904, 0.11305
51936, 0.113254
51968, 0.113152
52000, 0.113456
52032, 0.113766
52064, 0.114586
52096, 0.113562
52128, 0.113766
52160, 0.113766
52192, 0.113869
52224, 0.113766
52256, 0.113869
52288, 0.113869
52320, 0.113869
52352, 0.113971
52384, 0.114074
52416, 0.114176
52448, 0.115507
52480, 0.114893
52512, 0.114381
52544, 0.114586
52576, 0.114688
52608, 0.114586
52640, 0.11479
52672, 0.11479
52704, 0.114931
52736, 0.114893
52768, 0.114995
52800, 0.114995
52832, 0.115098
52864, 0.115507
52896, 0.115712
52928, 0.115302
52960, 0.115507
52992, 0.115507
53024, 0.11561
53056, 0.115507
53088, 0.115622
53120, 0.115712
53152, 0.115814
53184, 0.115814
53216, 0.115917
53248, 0.115917
53280, 0.119642
53312, 0.116634
53344, 0.116429
53376, 0.116429
53408, 0.116531
53440, 0.116634
53472, 0.116634
53504, 0.116531
53536, 0.116736
53568, 0.116736
53600, 0.117658
53632, 0.116845
53664, 0.116941
53696, 0.117965
53728, 0.117248
53760, 0.117146
53792, 0.117274
53824, 0.117248
53856, 0.11735
53888, 0.11735
53920, 0.117453
53952, 0.117453
53984, 0.117594
54016, 0.117658
54048, 0.11776
54080, 0.11776
54112, 0.118682
54144, 0.117965
54176, 0.118147
54208, 0.11817
54240, 0.11817
54272, 0.11817
54304, 0.118272
54336, 0.118272
54368, 0.118374
54400, 0.118374
54432, 0.118499
54464, 0.118477
54496, 0.119194
54528, 0.119091
54560, 0.118886
54592, 0.119091
54624, 0.119091
54656, 0.119091
54688, 0.119091
54720, 0.119194
54752, 0.119194
54784, 0.119296
54816, 0.119501
54848, 0.119398
54880, 0.119501
54912, 0.120422
54944, 0.119747
54976, 0.119706
55008, 0.119808
55040, 0.119706
55072, 0.11991
55104, 0.120218
55136, 0.12032
55168, 0.120115
55200, 0.120218
55232, 0.120218
55264, 0.12032
55296, 0.120934
55328, 0.120934
55360, 0.120627
55392, 0.120832
55424, 0.12073
55456, 0.120934
55488, 0.120832
55520, 0.120941
55552, 0.120934
55584, 0.121037
55616, 0.121139
55648, 0.121242
55680, 0.121242
55712, 0.122163
55744, 0.121549
55776, 0.121677
55808, 0.121651
55840, 0.121754
55872, 0.121574
55904, 0.121754
55936, 0.121754
55968, 0.121795
56000, 0.121856
56032, 0.122061
56064, 0.121958
56096, 0.123187
56128, 0.12247
56160, 0.122368
56192, 0.12247
56224, 0.122368
56256, 0.12247
56288, 0.122576
56320, 0.122573
56352, 0.122675
56384, 0.122675
56416, 0.12288
56448, 0.12288
56480, 0.12544
56512, 0.12329
56544, 0.12329
56576, 0.12329
56608, 0.12329
56640, 0.123392
56672, 0.123405
56704, 0.123392
56736, 0.123597
56768, 0.123494
56800, 0.123597
56832, 0.123699
56864, 0.127488
56896, 0.124109
56928, 0.124006
56960, 0.124211
56992, 0.124211
57024, 0.124211
57056, 0.124109
57088, 0.124211
57120, 0.124314
57152, 0.124416
57184, 0.124518
57216, 0.124518
57248, 0.127181
57280, 0.12503
57312, 0.124826
57344, 0.124826
57376, 0.124928
57408, 0.12503
57440, 0.12503
57472, 0.12503
57504, 0.12503
57536, 0.125235
57568, 0.125373
57600, 0.12544
57632, 0.127283
57664, 0.125952
57696, 0.125542
57728, 0.125747
57760, 0.125747
57792, 0.125747
57824, 0.12585
57856, 0.125952
57888, 0.126054
57920, 0.125952
57952, 0.126157
57984, 0.126157
58016, 0.128
58048, 0.126691
58080, 0.126566
58112, 0.126464
58144, 0.12657
58176, 0.126669
58208, 0.126771
58240, 0.126669
58272, 0.126771
58304, 0.126874
58336, 0.126912
58368, 0.126976
58400, 0.127795
58432, 0.127283
58464, 0.127392
58496, 0.127488
58528, 0.127382
58560, 0.127488
58592, 0.127488
58624, 0.127488
58656, 0.12759
58688, 0.127795
58720, 0.127693
58752, 0.128512
58784, 0.128
58816, 0.128102
58848, 0.128
58880, 0.128102
58912, 0.128102
58944, 0.128205
58976, 0.128102
59008, 0.128307
59040, 0.12841
59072, 0.128512
59104, 0.129331
59136, 0.128922
59168, 0.128922
59200, 0.129024
59232, 0.128922
59264, 0.129024
59296, 0.129024
59328, 0.129126
59360, 0.129152
59392, 0.129229
59424, 0.129331
59456, 0.129334
59488, 0.130355
59520, 0.129536
59552, 0.129638
59584, 0.129741
59616, 0.129638
59648, 0.129843
59680, 0.129946
59712, 0.129741
59744, 0.129638
59776, 0.130867
59808, 0.13015
59840, 0.130355
59872, 0.130458
59904, 0.130355
59936, 0.130496
59968, 0.130458
60000, 0.13056
60032, 0.13056
60064, 0.130765
60096, 0.130765
60128, 0.133325
60160, 0.130765
60192, 0.131072
60224, 0.131072
60256, 0.131174
60288, 0.131174
60320, 0.131174
60352, 0.131277
60384, 0.131482
60416, 0.131379
60448, 0.131482
60480, 0.132301
60512, 0.131789
60544, 0.131891
60576, 0.131891
60608, 0.131891
60640, 0.131994
60672, 0.131891
60704, 0.132096
60736, 0.132096
60768, 0.132301
60800, 0.132301
60832, 0.133325
60864, 0.133018
60896, 0.132608
60928, 0.132608
60960, 0.13271
60992, 0.132813
61024, 0.132746
61056, 0.13271
61088, 0.133018
61120, 0.132915
61152, 0.13312
61184, 0.13312
61216, 0.134042
61248, 0.133325
61280, 0.13353
61312, 0.133427
61344, 0.13353
61376, 0.13353
61408, 0.133632
61440, 0.13353
61472, 0.133734
61504, 0.133632
61536, 0.133837
61568, 0.134758
61600, 0.133949
61632, 0.134144
61664, 0.134246
61696, 0.134144
61728, 0.134349
61760, 0.134246
61792, 0.134358
61824, 0.134451
61856, 0.134554
61888, 0.134451
61920, 0.135174
61952, 0.135066
61984, 0.134861
62016, 0.134963
62048, 0.134963
62080, 0.134963
62112, 0.135107
62144, 0.135066
62176, 0.13568
62208, 0.135168
62240, 0.13527
62272, 0.13568
62304, 0.13609
62336, 0.135494
62368, 0.135578
62400, 0.135578
62432, 0.135782
62464, 0.135782
62496, 0.135782
62528, 0.135885
62560, 0.135987
62592, 0.13609
62624, 0.136602
62656, 0.136909
62688, 0.136397
62720, 0.136397
62752, 0.136435
62784, 0.136499
62816, 0.136499
62848, 0.136602
62880, 0.136765
62912, 0.136704
62944, 0.136806
62976, 0.136909
63008, 0.13783
63040, 0.137114
63072, 0.137318
63104, 0.137216
63136, 0.137354
63168, 0.137318
63200, 0.137421
63232, 0.137421
63264, 0.137523
63296, 0.137626
63328, 0.137523
63360, 0.138547
63392, 0.137933
63424, 0.138035
63456, 0.138035
63488, 0.138138
63520, 0.138138
63552, 0.138138
63584, 0.13824
63616, 0.138138
63648, 0.138445
63680, 0.138342
63712, 0.139264
63744, 0.13865
63776, 0.138787
63808, 0.138752
63840, 0.138854
63872, 0.13865
63904, 0.138854
63936, 0.138854
63968, 0.139059
64000, 0.138957
64032, 0.140083
64064, 0.139981
64096, 0.139571
64128, 0.139571
64160, 0.139366
64192, 0.139469
64224, 0.139571
64256, 0.139571
64288, 0.139674
64320, 0.139776
64352, 0.139776
64384, 0.140221
64416, 0.140493
64448, 0.140186
64480, 0.14039
64512, 0.140186
64544, 0.14039
64576, 0.140186
64608, 0.14039
64640, 0.140288
64672, 0.140611
64704, 0.140595
64736, 0.143258
64768, 0.140902
64800, 0.140902
64832, 0.141005
64864, 0.141018
64896, 0.141005
64928, 0.141107
64960, 0.141107
64992, 0.14121
65024, 0.141312
65056, 0.141312
65088, 0.142438
65120, 0.141619
65152, 0.141722
65184, 0.141722
65216, 0.141619
65248, 0.142131
65280, 0.141824
65312, 0.141926
65344, 0.142029
65376, 0.142029
65408, 0.142234
65440, 0.14295
65472, 0.142163
65504, 0.142541
65536, 0.142336
65568, 0.142541
65600, 0.142438
65632, 0.142643
65664, 0.142438
65696, 0.142746
65728, 0.142746
65760, 0.143462
65792, 0.143155
65824, 0.143155
65856, 0.143082
65888, 0.143258
65920, 0.143155
65952, 0.143155
65984, 0.143258
66016, 0.143462
66048, 0.14336
66080, 0.143872
66112, 0.143974
66144, 0.14377
66176, 0.143872
66208, 0.143872
66240, 0.14377
66272, 0.143974
66304, 0.143974
66336, 0.144077
66368, 0.144179
66400, 0.144301
66432, 0.144896
66464, 0.144486
66496, 0.144486
66528, 0.144486
66560, 0.144486
66592, 0.144691
66624, 0.144589
66656, 0.144896
66688, 0.144794
66720, 0.144832
66752, 0.14592
66784, 0.145101
66816, 0.145203
66848, 0.145306
66880, 0.145306
66912, 0.145203
66944, 0.145306
66976, 0.145408
67008, 0.14551
67040, 0.145613
67072, 0.145818
67104, 0.14633
67136, 0.145818
67168, 0.146022
67200, 0.146022
67232, 0.146115
67264, 0.146022
67296, 0.146227
67328, 0.146134
67360, 0.146253
67392, 0.146227
67424, 0.147558
67456, 0.146534
67488, 0.146637
67520, 0.146637
67552, 0.146637
67584, 0.146739
67616, 0.146842
67648, 0.146739
67680, 0.147046
67712, 0.147046
67744, 0.149197
67776, 0.147251
67808, 0.14736
67840, 0.147456
67872, 0.147456
67904, 0.147456
67936, 0.147456
67968, 0.147558
68000, 0.147661
68032, 0.147654
68064, 0.15104
68096, 0.148378
68128, 0.147968
68160, 0.148077
68192, 0.14807
68224, 0.14807
68256, 0.14807
68288, 0.14807
68320, 0.148378
68352, 0.148275
68384, 0.150016
68416, 0.149421
68448, 0.148685
68480, 0.148685
68512, 0.148787
68544, 0.148685
68576, 0.14889
68608, 0.14889
68640, 0.148992
68672, 0.148992
68704, 0.149094
68736, 0.150323
68768, 0.149299
68800, 0.149402
68832, 0.149504
68864, 0.149606
68896, 0.149504
68928, 0.149606
68960, 0.149811
68992, 0.149709
69024, 0.149709
69056, 0.150835
69088, 0.150016
69120, 0.150118
69152, 0.150118
69184, 0.150118
69216, 0.150323
69248, 0.150221
69280, 0.150528
69312, 0.150426
69344, 0.150528
69376, 0.15145
69408, 0.150733
69440, 0.150733
69472, 0.150835
69504, 0.150938
69536, 0.150938
69568, 0.15104
69600, 0.15104
69632, 0.151245
69664, 0.151245
69696, 0.151962
69728, 0.151654
69760, 0.15145
69792, 0.151552
69824, 0.151552
69856, 0.151654
69888, 0.151654
69920, 0.151757
69952, 0.151757
69984, 0.151859
70016, 0.152678
70048, 0.152371
70080, 0.152269
70112, 0.152397
70144, 0.152269
70176, 0.152474
70208, 0.152371
70240, 0.152576
70272, 0.152576
70304, 0.152576
70336, 0.15319
70368, 0.153088
70400, 0.152883
70432, 0.152883
70464, 0.153088
70496, 0.153088
70528, 0.153088
70560, 0.15319
70592, 0.15319
70624, 0.153293
70656, 0.15383
70688, 0.153725
70720, 0.1536
70752, 0.1536
70784, 0.153702
70816, 0.1536
70848, 0.1536
70880, 0.153702
70912, 0.153805
70944, 0.153907
70976, 0.154624
71008, 0.154317
71040, 0.154214
71072, 0.154317
71104, 0.154317
71136, 0.154931
71168, 0.154317
71200, 0.154522
71232, 0.154522
71264, 0.154522
71296, 0.155546
71328, 0.154829
71360, 0.154931
71392, 0.155034
71424, 0.154931
71456, 0.155034
71488, 0.155136
71520, 0.155238
71552, 0.155238
71584, 0.155238
71616, 0.156467
71648, 0.155459
71680, 0.155648
71712, 0.155648
71744, 0.155648
71776, 0.15575
71808, 0.155955
71840, 0.156058
71872, 0.155853
71904, 0.15657
71936, 0.157082
71968, 0.15616
72000, 0.15616
72032, 0.156365
72064, 0.156467
72096, 0.156365
72128, 0.156365
72160, 0.15657
72192, 0.15657
72224, 0.15657
72256, 0.157594
72288, 0.156877
72320, 0.157082
72352, 0.156979
72384, 0.156979
72416, 0.157082
72448, 0.157184
72480, 0.157286
72512, 0.157286
72544, 0.157901
72576, 0.157696
72608, 0.157594
72640, 0.157696
72672, 0.157805
72704, 0.157696
72736, 0.157901
72768, 0.157798
72800, 0.157901
72832, 0.157798
72864, 0.15913
72896, 0.158003
72928, 0.15831
72960, 0.158208
72992, 0.158413
73024, 0.15831
73056, 0.158515
73088, 0.158413
73120, 0.158515
73152, 0.158515
73184, 0.159642
73216, 0.158822
73248, 0.15913
73280, 0.158822
73312, 0.158925
73344, 0.158925
73376, 0.159027
73408, 0.159539
73440, 0.159232
73472, 0.159846
73504, 0.159642
73536, 0.159437
73568, 0.159539
73600, 0.159539
73632, 0.159642
73664, 0.159642
73696, 0.159642
73728, 0.159949
73760, 0.159933
73792, 0.161178
73824, 0.160256
73856, 0.160154
73888, 0.160256
73920, 0.160154
73952, 0.160358
73984, 0.160358
74016, 0.160461
74048, 0.160358
74080, 0.163328
74112, 0.161075
74144, 0.160912
74176, 0.16087
74208, 0.161075
74240, 0.160973
74272, 0.160973
74304, 0.160973
74336, 0.161178
74368, 0.161382
74400, 0.162406
74432, 0.161382
74464, 0.161587
74496, 0.161587
74528, 0.16169
74560, 0.161587
74592, 0.16169
74624, 0.161792
74656, 0.161792
74688, 0.162611
74720, 0.162304
74752, 0.162099
74784, 0.162202
74816, 0.162202
74848, 0.162202
74880, 0.162304
74912, 0.162406
74944, 0.162509
74976, 0.162509
75008, 0.163738
75040, 0.162714
75072, 0.162918
75104, 0.162918
75136, 0.163021
75168, 0.163021
75200, 0.163024
75232, 0.163021
75264, 0.163226
75296, 0.164147
75328, 0.16343
75360, 0.163533
75392, 0.16343
75424, 0.163635
75456, 0.163533
75488, 0.163638
75520, 0.163738
75552, 0.163738
75584, 0.164147
75616, 0.164557
75648, 0.164045
75680, 0.164045
75712, 0.16417
75744, 0.164045
75776, 0.164147
75808, 0.164352
75840, 0.164352
75872, 0.16425
75904, 0.165581
75936, 0.164659
75968, 0.164762
76000, 0.164762
76032, 0.164659
76064, 0.164966
76096, 0.164864
76128, 0.164966
76160, 0.165376
76192, 0.166099
76224, 0.165274
76256, 0.165478
76288, 0.165411
76320, 0.165478
76352, 0.165581
76384, 0.165478
76416, 0.165581
76448, 0.165478
76480, 0.166093
76512, 0.166298
76544, 0.166118
76576, 0.16599
76608, 0.16599
76640, 0.16599
76672, 0.166112
76704, 0.166093
76736, 0.166298
76768, 0.166298
76800, 0.167424
76832, 0.166605
76864, 0.166707
76896, 0.16664
76928, 0.16681
76960, 0.166707
76992, 0.166707
77024, 0.166912
77056, 0.166912
77088, 0.168243
77120, 0.167219
77152, 0.167219
77184, 0.167322
77216, 0.167322
77248, 0.167424
77280, 0.167424
77312, 0.167629
77344, 0.167453
77376, 0.170189
77408, 0.167731
77440, 0.167936
77472, 0.167834
77504, 0.167834
77536, 0.167936
77568, 0.168038
77600, 0.168038
77632, 0.168141
77664, 0.169062
77696, 0.168346
77728, 0.16855
77760, 0.168448
77792, 0.16855
77824, 0.16855
77856, 0.16855
77888, 0.168678
77920, 0.168787
77952, 0.169472
77984, 0.169165
78016, 0.169267
78048, 0.169267
78080, 0.169306
78112, 0.169267
78144, 0.169267
78176, 0.16937
78208, 0.16937
78240, 0.169882
78272, 0.169882
78304, 0.169882
78336, 0.169677
78368, 0.169882
78400, 0.169779
78432, 0.169882
78464, 0.169984
78496, 0.170086
78528, 0.170496
78560, 0.170701
78592, 0.170394
78624, 0.170394
78656, 0.170394
78688, 0.170598
78720, 0.170496
78752, 0.170701
78784, 0.170666
78816, 0.171213
78848, 0.171213
78880, 0.171008
78912, 0.17104
78944, 0.171008
78976, 0.171136
79008, 0.17111
79040, 0.171315
79072, 0.172646
79104, 0.171418
79136, 0.171622
79168, 0.171664
79200, 0.171622
79232, 0.171622
79264, 0.171622
79296, 0.171725
79328, 0.171725
79360, 0.173158
79392, 0.172134
79424, 0.172237
79456, 0.172237
79488, 0.172237
79520, 0.172339
79552, 0.172339
79584, 0.172339
79616, 0.172339
79648, 0.173773
79680, 0.172749
79712, 0.172749
79744, 0.172851
79776, 0.172442
79808, 0.172646
79840, 0.173261
79872, 0.173261
79904, 0.173261
79936, 0.173261
79968, 0.173261
80000, 0.173261
80032, 0.173363
80064, 0.173568
80096, 0.173466
80128, 0.175411
80160, 0.17367
80192, 0.173904
80224, 0.173808
80256, 0.173875
80288, 0.173978
80320, 0.173978
80352, 0.173978
80384, 0.174182
80416, 0.175411
80448, 0.174387
80480, 0.174387
80512, 0.174522
80544, 0.174387
80576, 0.174592
80608, 0.174592
80640, 0.174694
80672, 0.174694
80704, 0.175821
80736, 0.175002
80768, 0.175104
80800, 0.175002
80832, 0.175136
80864, 0.175206
80896, 0.175411
80928, 0.175206
80960, 0.175744
80992, 0.176026
81024, 0.175718
81056, 0.175718
81088, 0.175821
81120, 0.175821
81152, 0.175722
81184, 0.17664
81216, 0.175987
81248, 0.176947
81280, 0.176128
81312, 0.176333
81344, 0.176333
81376, 0.176333
81408, 0.176538
81440, 0.176538
81472, 0.176538
81504, 0.176435
81536, 0.177766
81568, 0.176742
81600, 0.176845
81632, 0.176742
81664, 0.176742
81696, 0.176845
81728, 0.177152
81760, 0.17705
81792, 0.177459
81824, 0.177971
81856, 0.177459
81888, 0.177494
81920, 0.177562
81952, 0.177459
81984, 0.177459
82016, 0.177664
82048, 0.177766
82080, 0.178586
82112, 0.177971
82144, 0.177971
82176, 0.177971
82208, 0.178074
82240, 0.178176
82272, 0.177971
82304, 0.178176
82336, 0.178176
82368, 0.17961
82400, 0.178586
82432, 0.17879
82464, 0.178688
82496, 0.178688
82528, 0.17879
82560, 0.178893
82592, 0.178995
82624, 0.179917
82656, 0.179507
82688, 0.179302
82720, 0.1792
82752, 0.179302
82784, 0.179302
82816, 0.1792
82848, 0.1792
82880, 0.179405
82912, 0.180634
82944, 0.17961
82976, 0.179712
83008, 0.179754
83040, 0.179814
83072, 0.179814
83104, 0.179917
83136, 0.180019
83168, 0.180019
83200, 0.180941
83232, 0.180224
83264, 0.180326
83296, 0.180326
83328, 0.180429
83360, 0.180429
83392, 0.180464
83424, 0.180429
83456, 0.184115
83488, 0.180838
83520, 0.180941
83552, 0.181043
83584, 0.180941
83616, 0.181146
83648, 0.181146
83680, 0.181146
83712, 0.181248
83744, 0.18217
83776, 0.181453
83808, 0.181453
83840, 0.181453
83872, 0.181555
83904, 0.181555
83936, 0.181555
83968, 0.181658
84000, 0.182784
84032, 0.182067
84064, 0.18217
84096, 0.182067
84128, 0.18217
84160, 0.182189
84192, 0.182272
84224, 0.182272
84256, 0.182506
84288, 0.183226
84320, 0.182682
84352, 0.182682
84384, 0.182784
84416, 0.182784
84448, 0.182886
84480, 0.183091
84512, 0.182989
84544, 0.184218
84576, 0.183194
84608, 0.183501
84640, 0.183462
84672, 0.183296
84704, 0.183398
84736, 0.183603
84768, 0.184218
84800, 0.184115
84832, 0.184115
84864, 0.18391
84896, 0.184013
84928, 0.184013
84960, 0.184627
84992, 0.184032
85024, 0.184048
85056, 0.184832
85088, 0.185357
85120, 0.18432
85152, 0.184422
85184, 0.184422
85216, 0.184422
85248, 0.184422
85280, 0.184627
85312, 0.18473
85344, 0.185754
85376, 0.184934
85408, 0.185168
85440, 0.185139
85472, 0.185139
85504, 0.185242
85536, 0.185139
85568, 0.185427
85600, 0.185856
85632, 0.186061
85664, 0.185754
85696, 0.185754
85728, 0.185651
85760, 0.185651
85792, 0.185754
85824, 0.185958
85856, 0.185754
85888, 0.187085
85920, 0.186163
85952, 0.186368
85984, 0.186061
86016, 0.186163
86048, 0.186163
86080, 0.18647
86112, 0.18647
86144, 0.189338
86176, 0.186576
86208, 0.186778
86240, 0.186778
86272, 0.18688
86304, 0.186778
86336, 0.186982
86368, 0.186982
86400, 0.188416
86432, 0.187392
86464, 0.187405
86496, 0.187392
86528, 0.187392
86560, 0.187421
86592, 0.187427
86624, 0.187597
86656, 0.187702
86688, 0.188518
86720, 0.187904
86752, 0.187904
86784, 0.188006
86816, 0.187978
86848, 0.188006
86880, 0.188109
86912, 0.188314
86944, 0.18944
86976, 0.188416
87008, 0.188416
87040, 0.188534
87072, 0.188518
87104, 0.188621
87136, 0.188723
87168, 0.188723
87200, 0.189952
87232, 0.188928
87264, 0.189133
87296, 0.189133
87328, 0.18903
87360, 0.18903
87392, 0.189133
87424, 0.189338
87456, 0.190259
87488, 0.189645
87520, 0.189645
87552, 0.189645
87584, 0.189645
87616, 0.189747
87648, 0.189747
87680, 0.189747
87712, 0.190362
87744, 0.190157
87776, 0.190285
87808, 0.190157
87840, 0.190157
87872, 0.190259
87904, 0.190259
87936, 0.190362
87968, 0.190874
88000, 0.190976
88032, 0.190874
88064, 0.190771
88096, 0.190787
88128, 0.190874
88160, 0.190874
88192, 0.190874
88224, 0.191181
88256, 0.191898
88288, 0.191283
88320, 0.191386
88352, 0.191283
88384, 0.191283
88416, 0.191325
88448, 0.191488
88480, 0.191488
88512, 0.192512
88544, 0.192
88576, 0.191837
88608, 0.191795
88640, 0.191898
88672, 0.191898
88704, 0.192102
88736, 0.192102
88768, 0.193331
88800, 0.192416
88832, 0.192512
88864, 0.192307
88896, 0.19241
88928, 0.192512
88960, 0.192614
88992, 0.192797
89024, 0.193946
89056, 0.193126
89088, 0.193126
89120, 0.192922
89152, 0.193126
89184, 0.193024
89216, 0.193126
89248, 0.194048
89280, 0.19456
89312, 0.193434
89344, 0.193638
89376, 0.193536
89408, 0.193574
89440, 0.193536
89472, 0.193741
89504, 0.193843
89536, 0.195114
89568, 0.19415
89600, 0.194253
89632, 0.19415
89664, 0.19415
89696, 0.194458
89728, 0.194355
89760, 0.19415
89792, 0.195584
89824, 0.194598
89856, 0.194765
89888, 0.194662
89920, 0.194662
89952, 0.194765
89984, 0.19497
90016, 0.194867
90048, 0.196198
90080, 0.195072
90112, 0.195488
90144, 0.195174
90176, 0.195072
90208, 0.195174
90240, 0.195277
90272, 0.195277
90304, 0.196506
90336, 0.195584
90368, 0.195584
90400, 0.196608
90432, 0.195782
90464, 0.195891
90496, 0.195891
90528, 0.195994
90560, 0.196813
90592, 0.196301
90624, 0.196301
90656, 0.196301
90688, 0.196301
90720, 0.196403
90752, 0.19671
90784, 0.197018
90816, 0.196915
90848, 0.196915
90880, 0.196813
90912, 0.19671
90944, 0.196813
90976, 0.19712
91008, 0.197018
91040, 0.197837
91072, 0.197325
91104, 0.197427
91136, 0.197347
91168, 0.197408
91200, 0.197427
91232, 0.197427
91264, 0.19753
91296, 0.198554
91328, 0.197734
91360, 0.197939
91392, 0.197939
91424, 0.198451
91456, 0.198246
91488, 0.197939
91520, 0.198144
91552, 0.199373
91584, 0.198144
91616, 0.198246
91648, 0.198349
91680, 0.198451
91712, 0.198451
91744, 0.198451
91776, 0.198349
91808, 0.199782
91840, 0.198861
91872, 0.198861
91904, 0.198963
91936, 0.198963
91968, 0.198963
92000, 0.198963
92032, 0.19919
92064, 0.199782
92096, 0.199398
92128, 0.19951
92160, 0.199501
92192, 0.199373
92224, 0.199578
92256, 0.199578
92288, 0.200499
92320, 0.199987
92352, 0.199987
92384, 0.199885
92416, 0.20009
92448, 0.199987
92480, 0.200192
92512, 0.200294
92544, 0.201421
92576, 0.200397
92608, 0.200704
92640, 0.200602
92672, 0.200602
92704, 0.200704
92736, 0.200704
92768, 0.200806
92800, 0.202138
92832, 0.201216
92864, 0.201216
92896, 0.201219
92928, 0.201216
92960, 0.201114
92992, 0.201318
93024, 0.201965
93056, 0.202138
93088, 0.201728
93120, 0.201626
93152, 0.201523
93184, 0.201523
93216, 0.201626
93248, 0.20183
93280, 0.202787
93312, 0.202035
93344, 0.202122
93376, 0.202035
93408, 0.202035
93440, 0.202138
93472, 0.202342
93504, 0.202342
93536, 0.203776
93568, 0.202547
93600, 0.202547
93632, 0.202781
93664, 0.20265
93696, 0.202854
93728, 0.202854
93760, 0.206029
93792, 0.203366
93824, 0.203366
93856, 0.203776
93888, 0.203491
93920, 0.203264
93952, 0.203366
93984, 0.203366
94016, 0.20777
94048, 0.203494
94080, 0.203674
94112, 0.203571
94144, 0.203674
94176, 0.203674
94208, 0.203776
94240, 0.203674
94272, 0.204902
94304, 0.204083
94336, 0.204186
94368, 0.204083
94400, 0.204083
94432, 0.204186
94464, 0.204186
94496, 0.205008
94528, 0.204595
94560, 0.204698
94592, 0.204698
94624, 0.204595
94656, 0.2048
94688, 0.2048
94720, 0.2048
94752, 0.206131
94784, 0.20521
94816, 0.206438
94848, 0.20521
94880, 0.205312
94912, 0.205414
94944, 0.205312
94976, 0.206029
95008, 0.205722
95040, 0.205619
95072, 0.205619
95104, 0.205722
95136, 0.206541
95168, 0.205824
95200, 0.205824
95232, 0.20736
95264, 0.205926
95296, 0.206234
95328, 0.206336
95360, 0.206336
95392, 0.206525
95424, 0.206323
95456, 0.209306
95488, 0.206643
95520, 0.20695
95552, 0.206746
95584, 0.206746
95616, 0.207258
95648, 0.207894
95680, 0.208077
95712, 0.207565
95744, 0.20736
95776, 0.207261
95808, 0.207155
95840, 0.207155
95872, 0.207293
95904, 0.207398
95936, 0.210125
95968, 0.207667
96000, 0.20777
96032, 0.207565
96064, 0.207565
96096, 0.207667
96128, 0.372531
96160, 0.208179
96192, 0.208282
96224, 0.208282
96256, 0.208282
96288, 0.208384
96320, 0.208486
96352, 0.209306
96384, 0.208691
96416, 0.208794
96448, 0.208794
96480, 0.208691
96512, 0.208794
96544, 0.208794
96576, 0.208998
96608, 0.209818
96640, 0.209306
96672, 0.209101
96704, 0.209203
96736, 0.209306
96768, 0.209306
96800, 0.209408
96832, 0.254259
96864, 0.209613
96896, 0.209818
96928, 0.209818
96960, 0.209818
96992, 0.209818
97024, 0.20992
97056, 0.250573
97088, 0.210432
97120, 0.210432
97152, 0.210346
97184, 0.210125
97216, 0.210349
97248, 0.21033
97280, 0.244224
97312, 0.211456
97344, 0.210842
97376, 0.210739
97408, 0.211046
97440, 0.210739
97472, 0.210842
97504, 0.210842
97536, 0.25561
97568, 0.211251
97600, 0.211251
97632, 0.211149
97664, 0.211149
97696, 0.211213
97728, 0.211251
97760, 0.256717
97792, 0.211866
97824, 0.211866
97856, 0.211661
97888, 0.211661
97920, 0.211763
97952, 0.241882
97984, 0.259482
98016, 0.21248
98048, 0.212378
98080, 0.212173
98112, 0.21208
98144, 0.211968
98176, 0.212378
98208, 0.256819
98240, 0.213299
98272, 0.212685
98304, 0.21248
98336, 0.212582
98368, 0.212611
98400, 0.212685
98432, 0.212685
98464, 0.257434
98496, 0.213197
98528, 0.213126
98560, 0.213197
98592, 0.213094
98624, 0.213222
98656, 0.213197
98688, 0.259286
98720, 0.213606
98752, 0.213715
98784, 0.213606
98816, 0.213709
98848, 0.213606
98880, 0.213709
98912, 0.259379
98944, 0.214118
98976, 0.214016
99008, 0.214016
99040, 0.213914
99072, 0.214118
99104, 0.214118
99136, 0.259482
99168, 0.214733
99200, 0.214733
99232, 0.214528
99264, 0.214618
99296, 0.21463
99328, 0.214854
99360, 0.259174
99392, 0.215654
99424, 0.21504
99456, 0.21504
99488, 0.21497
99520, 0.215142
99552, 0.21504
99584, 0.215245
99616, 0.216678
99648, 0.215654
99680, 0.215654
99712, 0.215757
99744, 0.215757
99776, 0.215859
99808, 0.215757
99840, 0.261427
99872, 0.216166
99904, 0.216166
99936, 0.216166
99968, 0.216166
100000, 0.216166
100032, 0.216269
100064, 0.260813
100096, 0.216678
100128, 0.216678
100160, 0.216781
100192, 0.216576
100224, 0.21681
100256, 0.21687
100288, 0.265114
100320, 0.21719
100352, 0.217293
100384, 0.21719
100416, 0.217104
100448, 0.21719
100480, 0.217907
100512, 0.262656
100544, 0.2176
100576, 0.217498
100608, 0.217702
100640, 0.217498
100672, 0.2176
100704, 0.217702
100736, 0.265114
100768, 0.21801
100800, 0.218214
100832, 0.21801
100864, 0.218112
100896, 0.218214
100928, 0.218218
100960, 0.263578
100992, 0.218726
101024, 0.218624
101056, 0.218624
101088, 0.218624
101120, 0.218624
101152, 0.218726
101184, 0.26624
101216, 0.219136
101248, 0.219034
101280, 0.219034
101312, 0.219136
101344, 0.219034
101376, 0.219034
101408, 0.265626
101440, 0.21975
101472, 0.219648
101504, 0.219648
101536, 0.219443
101568, 0.219546
101600, 0.219648
101632, 0.265846
101664, 0.220058
101696, 0.219955
101728, 0.220058
101760, 0.220058
101792, 0.220058
101824, 0.220058
101856, 0.265523
101888, 0.220672
101920, 0.22057
101952, 0.22057
101984, 0.220672
102016, 0.220672
102048, 0.22064
102080, 0.266445
102112, 0.220979
102144, 0.221082
102176, 0.221082
102208, 0.221088
102240, 0.220979
102272, 0.221184
102304, 0.266854
102336, 0.221491
102368, 0.221389
102400, 0.221594
102432, 0.221389
102464, 0.221696
102496, 0.221622
102528, 0.270234
102560, 0.222106
102592, 0.222106
102624, 0.221901
102656, 0.222106
102688, 0.222003
102720, 0.222106
102752, 0.267776
102784, 0.222515
102816, 0.222554
102848, 0.222515
102880, 0.222413
102912, 0.222618
102944, 0.223949
102976, 0.268698
103008, 0.222925
103040, 0.223027
103072, 0.222822
103104, 0.223027
103136, 0.222925
103168, 0.223027
103200, 0.267366
103232, 0.223437
103264, 0.223334
103296, 0.224154
103328, 0.223437
103360, 0.223642
103392, 0.223539
103424, 0.270064
103456, 0.223744
103488, 0.223949
103520, 0.223846
103552, 0.223846
103584, 0.223949
103616, 0.224051
103648, 0.225485
103680, 0.224461
103712, 0.224358
103744, 0.224358
103776, 0.224256
103808, 0.224461
103840, 0.224358
103872, 0.22569
103904, 0.224768
103936, 0.22487
103968, 0.224768
104000, 0.224771
104032, 0.22487
104064, 0.268013
104096, 0.225997
104128, 0.225382
104160, 0.22528
104192, 0.22528
104224, 0.225165
104256, 0.225485
104288, 0.270746
104320, 0.226099
104352, 0.225792
104384, 0.22569
104416, 0.225699
104448, 0.225894
104480, 0.225894
104512, 0.2716
104544, 0.226406
104576, 0.226406
104608, 0.226304
104640, 0.22632
104672, 0.226406
104704, 0.226304
104736, 0.271565
104768, 0.226714
104800, 0.226714
104832, 0.226714
104864, 0.226509
104896, 0.226714
104928, 0.226406
104960, 0.272589
104992, 0.226918
105024, 0.227123
105056, 0.226918
105088, 0.227043
105120, 0.227226
105152, 0.228045
105184, 0.228454
105216, 0.22743
105248, 0.22743
105280, 0.227635
105312, 0.227635
105344, 0.227635
105376, 0.272077
105408, 0.228659
105440, 0.228147
105472, 0.228045
105504, 0.227942
105536, 0.227942
105568, 0.227942
105600, 0.275661
105632, 0.228557
105664, 0.228659
105696, 0.228454
105728, 0.228454
105760, 0.228557
105792, 0.228557
105824, 0.272794
105856, 0.228966
105888, 0.228864
105920, 0.228966
105952, 0.228864
105984, 0.229069
106016, 0.228986
106048, 0.27351
106080, 0.229376
106112, 0.229376
106144, 0.229274
106176, 0.229274
106208, 0.229274
106240, 0.273731
106272, 0.230326
106304, 0.22999
106336, 0.229786
106368, 0.230093
106400, 0.229786
106432, 0.230029
106464, 0.275149
106496, 0.2304
106528, 0.230093
106560, 0.230195
106592, 0.22999
106624, 0.230298
106656, 0.230195
106688, 0.274637
106720, 0.230707
106752, 0.230707
106784, 0.230605
106816, 0.230605
106848, 0.230707
106880, 0.231731
106912, 0.232038
106944, 0.231117
106976, 0.231117
107008, 0.231037
107040, 0.230912
107072, 0.231117
107104, 0.276582
107136, 0.231936
107168, 0.231619
107200, 0.231629
107232, 0.231424
107264, 0.231731
107296, 0.231731
107328, 0.278656
107360, 0.232038
107392, 0.232448
107424, 0.232038
107456, 0.232141
107488, 0.232038
107520, 0.232141
107552, 0.234291
107584, 0.232653
107616, 0.232653
107648, 0.232653
107680, 0.23255
107712, 0.232653
107744, 0.27833
107776, 0.233677
107808, 0.233165
107840, 0.233062
107872, 0.233062
107904, 0.233165
107936, 0.233062
107968, 0.278016
108000, 0.233574
108032, 0.233574
108064, 0.233472
108096, 0.233574
108128, 0.233472
108160, 0.233574
108192, 0.234906
108224, 0.233984
108256, 0.233984
108288, 0.233984
108320, 0.233882
108352, 0.234189
108384, 0.279962
108416, 0.234598
108448, 0.234496
108480, 0.234496
108512, 0.234394
108544, 0.234496
108576, 0.234762
108608, 0.278938
108640, 0.234701
108672, 0.235008
108704, 0.234842
108736, 0.234803
108768, 0.235008
108800, 0.279347
108832, 0.235939
108864, 0.235536
108896, 0.235315
108928, 0.235418
108960, 0.235315
108992, 0.235616
109024, 0.280781
109056, 0.23593
109088, 0.23593
109120, 0.236032
109152, 0.235827
109184, 0.23593
109216, 0.235638
109248, 0.236954
109280, 0.236237
109312, 0.236339
109344, 0.236134
109376, 0.236237
109408, 0.236134
109440, 0.285491
109472, 0.236678
109504, 0.236851
109536, 0.236749
109568, 0.236851
109600, 0.236749
109632, 0.236646
109664, 0.238285
109696, 0.237158
109728, 0.237158
109760, 0.237978
109792, 0.237158
109824, 0.237261
109856, 0.435814
109888, 0.289894
109920, 0.237363
109952, 0.23767
109984, 0.23767
110016, 0.386336
110048, 0.238186
110080, 0.237875
110112, 0.237978
110144, 0.237978
110176, 0.237978
110208, 0.298598
110240, 0.239411
110272, 0.23849
110304, 0.23849
110336, 0.238387
110368, 0.23849
110400, 0.238387
110432, 0.239514
110464, 0.238899
110496, 0.238899
110528, 0.238902
110560, 0.239002
110592, 0.238694
110624, 0.284877
110656, 0.239206
110688, 0.239309
110720, 0.239206
110752, 0.239206
110784, 0.239411
110816, 0.239411
110848, 0.240435
110880, 0.239718
110912, 0.239626
110944, 0.239718
110976, 0.239718
111008, 0.239616
111040, 0.285696
111072, 0.240026
111104, 0.240026
111136, 0.240042
111168, 0.239923
111200, 0.240128
111232, 0.284774
111264, 0.24105
111296, 0.24064
111328, 0.240538
111360, 0.240653
111392, 0.24064
111424, 0.240538
111456, 0.288461
111488, 0.240947
111520, 0.24105
111552, 0.240845
111584, 0.240845
111616, 0.240973
111648, 0.28713
111680, 0.241664
111712, 0.241459
111744, 0.241562
111776, 0.241459
111808, 0.241459
111840, 0.241664
111872, 0.286003
111904, 0.241971
111936, 0.241869
111968, 0.241766
112000, 0.241869
112032, 0.241869
112064, 0.287949
112096, 0.242381
112128, 0.242176
112160, 0.242381
112192, 0.242278
112224, 0.242381
112256, 0.242381
112288, 0.243507
112320, 0.242688
112352, 0.242688
112384, 0.242688
112416, 0.242995
112448, 0.24279
112480, 0.288768
112512, 0.243405
112544, 0.243302
112576, 0.2432
112608, 0.2432
112640, 0.243302
112672, 0.288666
112704, 0.243814
112736, 0.24361
112768, 0.243712
112800, 0.243712
112832, 0.24361
112864, 0.243738
112896, 0.245162
112928, 0.244122
112960, 0.244122
112992, 0.244019
113024, 0.244122
113056, 0.244019
113088, 0.290531
113120, 0.244429
113152, 0.244531
113184, 0.244326
113216, 0.244326
113248, 0.244429
113280, 0.292454
113312, 0.245146
113344, 0.244838
113376, 0.245043
113408, 0.245043
113440, 0.244838
113472, 0.245005
113504, 0.246374
113536, 0.245555
113568, 0.245248
113600, 0.245043
113632, 0.245146
113664, 0.245248
113696, 0.29143
113728, 0.245555
113760, 0.245658
113792, 0.24576
113824, 0.245555
113856, 0.245658
113888, 0.291123
113920, 0.246374
113952, 0.246275
113984, 0.246272
114016, 0.24617
114048, 0.246374
114080, 0.246579
114112, 0.247603
114144, 0.246682
114176, 0.246477
114208, 0.246314
114240, 0.246579
114272, 0.246682
114304, 0.292762
114336, 0.246989
114368, 0.24711
114400, 0.247091
114432, 0.247194
114464, 0.247194
114496, 0.292557
114528, 0.247603
114560, 0.247603
114592, 0.247318
114624, 0.247501
114656, 0.24751
114688, 0.247398
114720, 0.248627
114752, 0.248013
114784, 0.24791
114816, 0.24791
114848, 0.247808
114880, 0.247808
114912, 0.292573
114944, 0.24832
114976, 0.248422
115008, 0.24832
115040, 0.248218
115072, 0.248525
115104, 0.293683
115136, 0.248832
115168, 0.24873
115200, 0.248627
115232, 0.24873
115264, 0.248934
115296, 0.293888
115328, 0.249446
115360, 0.249344
115392, 0.249338
115424, 0.249242
115456, 0.249344
115488, 0.249242
115520, 0.250378
115552, 0.249754
115584, 0.249651
115616, 0.249651
115648, 0.249856
115680, 0.249869
115712, 0.295424
115744, 0.250163
115776, 0.250266
115808, 0.250163
115840, 0.250266
115872, 0.250368
115904, 0.299008
115936, 0.250675
115968, 0.250675
116000, 0.250573
116032, 0.250573
116064, 0.250675
116096, 0.299629
116128, 0.251085
116160, 0.251085
116192, 0.251005
116224, 0.251187
116256, 0.251085
116288, 0.296653
116320, 0.251597
116352, 0.251494
116384, 0.25129
116416, 0.251392
116448, 0.251392
116480, 0.251597
116512, 0.252416
116544, 0.252006
116576, 0.251904
116608, 0.252006
116640, 0.251699
116672, 0.252006
116704, 0.296653
116736, 0.252314
116768, 0.252006
116800, 0.252109
116832, 0.25215
116864, 0.252211
116896, 0.29655
116928, 0.252723
116960, 0.252723
116992, 0.252518
117024, 0.252723
117056, 0.252518
117088, 0.298496
117120, 0.253133
117152, 0.25303
117184, 0.253133
117216, 0.25303
117248, 0.253338
117280, 0.299213
117312, 0.253542
117344, 0.25344
117376, 0.254157
117408, 0.253542
117440, 0.253674
117472, 0.299114
117504, 0.254157
117536, 0.254054
117568, 0.253952
117600, 0.25385
117632, 0.254054
117664, 0.299418
117696, 0.254669
117728, 0.254464
117760, 0.254669
117792, 0.254464
117824, 0.254669
117856, 0.299622
117888, 0.255181
117920, 0.254976
117952, 0.254976
117984, 0.254874
118016, 0.255078
118048, 0.300032
118080, 0.255898
118112, 0.255488
118144, 0.255283
118176, 0.255078
118208, 0.255283
118240, 0.255283
118272, 0.25641
118304, 0.255811
118336, 0.25559
118368, 0.25559
118400, 0.255795
118432, 0.255693
118464, 0.257126
118496, 0.256102
118528, 0.256
118560, 0.256102
118592, 0.256205
118624, 0.256
118656, 0.300954
118688, 0.25641
118720, 0.256307
118752, 0.25641
118784, 0.25641
118816, 0.25641
118848, 0.300954
118880, 0.256922
118912, 0.257024
118944, 0.256717
118976, 0.256922
119008, 0.257024
119040, 0.301568
119072, 0.257229
119104, 0.257126
119136, 0.257229
119168, 0.257434
119200, 0.257331
119232, 0.302797
119264, 0.257741
119296, 0.257741
119328, 0.257536
119360, 0.257741
119392, 0.258355
119424, 0.304128
119456, 0.258048
119488, 0.25815
119520, 0.257946
119552, 0.258253
119584, 0.25815
119616, 0.306176
119648, 0.258662
119680, 0.25856
119712, 0.258355
119744, 0.25856
119776, 0.258458
119808, 0.305766
119840, 0.25897
119872, 0.259072
119904, 0.258765
119936, 0.25897
119968, 0.2588
120000, 0.303821
120032, 0.259379
120064, 0.259379
120096, 0.259277
120128, 0.259174
120160, 0.259277
120192, 0.304845
120224, 0.259584
120256, 0.259584
120288, 0.259482
120320, 0.259712
120352, 0.259584
120384, 0.304026
120416, 0.260096
120448, 0.260198
120480, 0.259891
120512, 0.260096
120544, 0.261325
120576, 0.304435
120608, 0.260403
120640, 0.260506
120672, 0.260403
120704, 0.260506
120736, 0.260506
120768, 0.305152
120800, 0.261018
120832, 0.261018
120864, 0.261018
120896, 0.261018
120928, 0.260915
120960, 0.262349
120992, 0.261427
121024, 0.261427
121056, 0.261222
121088, 0.26112
121120, 0.261632
121152, 0.262656
121184, 0.261632
121216, 0.261632
121248, 0.261632
121280, 0.261837
121312, 0.262349
121344, 0.26327
121376, 0.262451
121408, 0.262349
121440, 0.262144
121472, 0.262246
121504, 0.262451
121536, 0.26368
121568, 0.262758
121600, 0.262656
121632, 0.262554
121664, 0.262656
121696, 0.262861
121728, 0.26409
121760, 0.263066
121792, 0.262963
121824, 0.263066
121856, 0.263066
121888, 0.310272
121920, 0.263373
121952, 0.263578
121984, 0.263373
122016, 0.263402
122048, 0.26344
122080, 0.311622
122112, 0.263987
122144, 0.263885
122176, 0.263782
122208, 0.263885
122240, 0.521622
122272, 0.316726
122304, 0.264192
122336, 0.26409
122368, 0.264192
122400, 0.325632
122432, 0.264704
122464, 0.264499
122496, 0.264499
122528, 0.264397
122560, 0.264397
122592, 0.30935
122624, 0.264909
122656, 0.264806
122688, 0.264704
122720, 0.264806
122752, 0.264909
122784, 0.309555
122816, 0.265421
122848, 0.265318
122880, 0.265318
122912, 0.265216
122944, 0.265421
122976, 0.266755
123008, 0.26583
123040, 0.265626
123072, 0.265728
123104, 0.265738
123136, 0.2688
123168, 0.266957
123200, 0.266342
123232, 0.266138
123264, 0.266035
123296, 0.266035
123328, 0.267674
123360, 0.267059
123392, 0.26665
123424, 0.266445
123456, 0.266547
123488, 0.266547
123520, 0.311296
123552, 0.267264
123584, 0.266957
123616, 0.266854
123648, 0.266957
123680, 0.266957
123712, 0.314573
123744, 0.267469
123776, 0.267366
123808, 0.267261
123840, 0.267366
123872, 0.267469
123904, 0.316518
123936, 0.267776
123968, 0.267776
124000, 0.267571
124032, 0.267878
124064, 0.267674
124096, 0.312422
124128, 0.268083
124160, 0.267981
124192, 0.267878
124224, 0.267878
124256, 0.267981
124288, 0.26921
124320, 0.26839
124352, 0.26839
124384, 0.268288
124416, 0.26839
124448, 0.268595
124480, 0.269312
124512, 0.2688
124544, 0.2688
124576, 0.268698
124608, 0.268698
124640, 0.314368
124672, 0.269414
124704, 0.269107
124736, 0.269107
124768, 0.269107
124800, 0.269414
124832, 0.31529
124864, 0.269722
124896, 0.269619
124928, 0.269722
124960, 0.269619
124992, 0.269658
125024, 0.31399
125056, 0.270154
125088, 0.269926
125120, 0.270029
125152, 0.270131
125184, 0.270643
125216, 0.271258
125248, 0.270541
125280, 0.270438
125312, 0.270541
125344, 0.270438
125376, 0.317542
125408, 0.271258
125440, 0.270848
125472, 0.27095
125504, 0.271053
125536, 0.27095
125568, 0.319693
125600, 0.271258
125632, 0.27136
125664, 0.27136
125696, 0.271462
125728, 0.271462
125760, 0.319078
125792, 0.271565
125824, 0.271565
125856, 0.271667
125888, 0.271565
125920, 0.271667
125952, 0.272998
125984, 0.272144
126016, 0.272077
126048, 0.271872
126080, 0.271994
126112, 0.315597
126144, 0.272691
126176, 0.272384
126208, 0.272384
126240, 0.272282
126272, 0.27231
126304, 0.318259
126336, 0.272794
126368, 0.272794
126400, 0.272691
126432, 0.272691
126464, 0.272902
126496, 0.31744
126528, 0.273306
126560, 0.273101
126592, 0.27312
126624, 0.273101
126656, 0.273306
126688, 0.274227
126720, 0.27351
126752, 0.27351
126784, 0.27351
126816, 0.273408
126848, 0.320614
126880, 0.274022
126912, 0.275456
126944, 0.273818
126976, 0.274125
127008, 0.274125
127040, 0.319386
127072, 0.274534
127104, 0.274534
127136, 0.274227
127168, 0.274534
127200, 0.274432
127232, 0.276378
127264, 0.274739
127296, 0.274739
127328, 0.274739
127360, 0.274842
127392, 0.320307
127424, 0.275354
127456, 0.275149
127488, 0.275456
127520, 0.275149
127552, 0.275379
127584, 0.320717
127616, 0.275661
127648, 0.275558
127680, 0.275661
127712, 0.275661
127744, 0.275866
127776, 0.276787
127808, 0.27607
127840, 0.275866
127872, 0.275866
127904, 0.275866
127936, 0.322048
127968, 0.27648
128000, 0.276378
128032, 0.276173
128064, 0.276378
128096, 0.276275
128128, 0.321856
128160, 0.276598
128192, 0.276787
128224, 0.276602
128256, 0.276787
128288, 0.277094
128320, 0.277914
128352, 0.276992
128384, 0.277197
128416, 0.277094
128448, 0.277197
128480, 0.323277
128512, 0.277504
128544, 0.277606
128576, 0.277606
128608, 0.277504
128640, 0.277408
128672, 0.321946
128704, 0.278016
128736, 0.277811
128768, 0.277709
128800, 0.277811
128832, 0.280474
128864, 0.27863
128896, 0.278323
128928, 0.278221
128960, 0.278221
128992, 0.278323
129024, 0.327475
129056, 0.278835
129088, 0.278835
129120, 0.27863
129152, 0.278733
129184, 0.27863
129216, 0.280166
129248, 0.279142
129280, 0.27904
129312, 0.279142
129344, 0.27904
129376, 0.325158
129408, 0.27967
129440, 0.279654
129472, 0.279552
129504, 0.279347
129536, 0.279552
129568, 0.323686
129600, 0.279962
129632, 0.279859
129664, 0.279859
129696, 0.279962
129728, 0.280269
129760, 0.280576
129792, 0.280269
129824, 0.280166
129856, 0.280269
129888, 0.280269
129920, 0.326349
129952, 0.280678
129984, 0.280678
130016, 0.280576
130048, 0.280576
130080, 0.280576
130112, 0.281722
130144, 0.280986
130176, 0.280883
130208, 0.280986
130240, 0.280989
130272, 0.327066
130304, 0.2816
130336, 0.281379
130368, 0.281293
130400, 0.281293
130432, 0.281498
130464, 0.325939
130496, 0.281837
130528, 0.281702
130560, 0.2816
130592, 0.2816
130624, 0.331059
130656, 0.28201
130688, 0.281907
130720, 0.281805
130752, 0.28201
130784, 0.281907
130816, 0.328704
130848, 0.283238
130880, 0.282419
130912, 0.282419
130944, 0.282522
130976, 0.328192
131008, 0.282931
131040, 0.282931
