32, 0.0099328
8224, 0.0138592
16416, 0.0202656
24608, 0.026912
32800, 0.0315424
40992, 0.0393952
49184, 0.0432448
57376, 0.0502784
65568, 0.0560128
73760, 0.0618176
81952, 0.0675744
90144, 0.0730176
98336, 0.0790656
106528, 0.0820224
114720, 0.0877216
122912, 0.0944704
131104, 0.0995328
139296, 0.105674
147488, 0.111718
155680, 0.117546
163872, 0.124858
172064, 0.12904
180256, 0.133952
188448, 0.141514
196640, 0.147293
204832, 0.152461
213024, 0.158224
221216, 0.163974
229408, 0.170006
237600, 0.174733
245792, 0.180634
253984, 0.186707
262176, 0.192512
270368, 0.198042
278560, 0.204349
286752, 0.209613
294944, 0.215155
303136, 0.22057
311328, 0.226464
319520, 0.23255
327712, 0.23873
335904, 0.244118
344096, 0.249754
352288, 0.254771
360480, 0.260835
368672, 0.266445
376864, 0.272282
385056, 0.276406
393248, 0.283238
401440, 0.28713
409632, 0.293581
417824, 0.299638
426016, 0.305968
434208, 0.309254
442400, 0.317616
450592, 0.324198
458784, 0.329395
466976, 0.33495
475168, 0.339056
483360, 0.345907
491552, 0.351846
499744, 0.358259
507936, 0.363862
516128, 0.368432
524320, 0.374989
532512, 0.380621
540704, 0.385638
548896, 0.392397
557088, 0.397856
565280, 0.402829
573472, 0.409312
581664, 0.41481
589856, 0.42055
598048, 0.426835
606240, 0.430899
614432, 0.436954
622624, 0.442845
630816, 0.448413
639008, 0.454288
647200, 0.459878
655392, 0.466205
663584, 0.470426
671776, 0.477539
679968, 0.483709
688160, 0.488454
696352, 0.494285
704544, 0.499862
712736, 0.506314
720928, 0.511613
729120, 0.517747
737312, 0.523786
745504, 0.528909
753696, 0.534237
761888, 0.54023
770080, 0.545923
778272, 0.550723
786464, 0.555779
794656, 0.562211
802848, 0.568214
811040, 0.573776
819232, 0.579581
827424, 0.584669
835616, 0.590208
843808, 0.596173
852000, 0.602336
860192, 0.606138
868384, 0.611853
876576, 0.618403
884768, 0.624771
892960, 0.630307
901152, 0.634816
909344, 0.639488
917536, 0.646554
925728, 0.652419
933920, 0.657731
942112, 0.662858
950304, 0.669491
958496, 0.675846
966688, 0.68001
974880, 0.687402
983072, 0.692019
991264, 0.69888
999456, 0.704189
1007648, 0.709222
1015840, 0.715808
1024032, 0.720381
1032224, 0.727245
1040416, 0.733024
