0.050144
0.052256
0.053312
0.049984
0.049152
0.0504
0.048384
0.050368
0.047616
0.0464
0.049504
0.052576
0.048864
0.047488
0.047968
0.050688
0.056352
0.052512
0.047104
0.053344
0.04896
0.053248
0.045056
0.055008
0.0456
0.055328
0.05152
0.045472
0.0464
0.049888
0.055168
0.045728
0.052896
0.052416
0.053184
0.047072
0.051072
0.046688
0.04656
0.047712
0.047104
0.052864
0.049408
0.049824
0.049152
0.05264
0.047744
0.051776
0.051648
0.055296
0.049152
0.046848
0.048768
0.052032
0.0512
0.0528
0.049408
0.049056
0.055296
0.045312
0.0512
0.051968
0.050752
0.049152
0.052608
0.048896
0.0504
0.048864
0.049824
0.047808
0.046176
0.045248
0.045408
0.047616
0.053248
0.051008
0.047328
0.04512
0.04928
0.047136
0.05184
0.051968
0.047072
0.05088
0.047424
0.0512
0.048416
0.053248
0.052064
0.055296
0.060064
0.053696
0.055584
0.049216
0.044736
0.050848
0.053504
0.056448
0.04848
0.049152
