0.045248
0.047104
0.046304
0.043296
0.0432
0.046912
0.048928
0.047104
0.04912
0.046688
0.0464
0.045792
0.04896
0.047584
0.047104
0.045312
0.0472
0.047104
0.052384
0.044928
0.045056
0.044672
0.049728
0.045408
0.047712
0.04592
0.04752
0.045376
0.046912
0.047104
0.045152
0.047072
0.05056
0.046496
0.045056
0.046272
0.045632
0.048224
0.047104
0.0472
0.045056
0.049152
0.047616
0.049152
0.046656
0.049152
0.047104
0.049984
0.047328
0.046784
0.047936
0.047168
0.046656
0.046528
0.048416
0.04896
0.047104
0.048256
0.046848
0.047072
0.04592
0.048224
0.047744
0.049152
0.04912
0.048832
0.047072
0.046624
0.047104
0.047104
0.046656
0.047872
0.04768
0.043648
0.04752
0.047104
0.047936
0.047104
0.047808
0.045472
0.048608
0.047744
0.04496
0.047008
0.048096
0.047104
0.048032
0.045472
0.048416
0.047104
0.048288
0.047424
0.047104
0.048224
0.046752
0.045984
0.045056
0.04704
0.047104
0.050304
