0.049152
0.048608
0.04608
0.053376
0.047584
0.046592
0.04688
0.045056
0.051232
0.045472
0.049152
0.044416
0.045056
0.049152
0.052256
0.04656
0.044416
0.046592
0.05024
0.048992
0.049504
0.047936
0.050688
0.047104
0.044896
0.047104
0.05104
0.05312
0.043008
0.048544
0.047104
0.046752
0.046624
0.047104
0.0512
0.047072
0.04768
0.04592
0.047104
0.0512
0.047104
0.046208
0.045056
0.050976
0.047456
0.047104
0.049504
0.050912
0.047104
0.047104
0.045056
0.05168
0.050048
0.048128
0.04448
0.046944
0.048512
0.045472
0.047488
0.043808
0.04624
0.050304
0.047104
0.04928
0.05184
0.0456
0.044448
0.047136
0.049696
0.0456
0.047488
0.045504
0.047936
0.044512
0.044928
0.048032
0.044992
0.049248
0.049056
0.049152
0.052544
0.046912
0.047232
0.049152
0.05264
0.045984
0.043584
0.045376
0.0512
0.050784
0.044928
0.046816
0.049504
0.047104
0.047552
0.049152
0.050112
0.047616
0.048864
0.052608
