0.072352
0.053248
0.046752
0.052224
0.053984
0.046976
0.04768
0.0512
0.051296
0.048576
0.04464
0.056864
0.059072
0.053856
0.060064
0.052864
0.04864
0.061632
0.050336
0.055296
0.04912
0.04576
0.057408
0.047104
0.0512
0.053216
0.054656
0.046976
0.047808
0.055424
0.047584
0.047456
0.055296
0.045056
0.045376
0.049664
0.048384
0.048
0.057312
0.048288
0.063456
0.049152
0.049152
0.057376
0.045824
0.056128
0.043328
0.049152
0.043296
0.047968
0.046976
0.04608
0.050784
0.047392
0.047872
0.042944
0.045088
0.057408
0.045152
0.050688
0.043456
0.049216
0.046464
0.048992
0.052064
0.046624
0.04512
0.047136
0.04608
0.046368
0.043904
0.059648
0.047232
0.061184
0.059392
0.057376
0.057472
0.044896
0.04992
0.048096
0.048864
0.046112
0.045056
0.051008
0.04912
0.047296
0.049152
0.048672
0.056832
0.057344
0.052384
0.057888
0.049152
0.053984
0.04752
0.04912
0.057344
0.04768
0.05312
0.048288
