0.065408
0.045376
0.045056
0.056928
0.051744
0.048256
0.047104
0.053152
0.055296
0.055552
0.048576
0.05264
0.04448
0.046144
0.0512
0.055648
0.051616
0.04608
0.047104
0.044384
0.048704
0.056864
0.043584
0.048064
0.046432
0.051456
0.061824
0.051616
0.04528
0.045664
0.04864
0.055776
0.050112
0.047104
0.053088
0.059392
0.053856
0.05184
0.058432
0.048672
0.047744
0.057344
0.057344
0.051488
0.0512
0.047104
0.059392
0.052512
0.050592
0.045056
0.047744
0.051872
0.04704
0.04752
0.048064
0.045408
0.044864
0.050976
0.04608
0.058432
0.046752
0.051456
0.044992
0.048
0.050208
0.04944
0.047808
0.047104
0.047168
0.048544
0.053248
0.045056
0.054336
0.045056
0.057344
0.053568
0.047104
0.049088
0.057344
0.05152
0.04512
0.049888
0.051296
0.047008
0.046528
0.04528
0.051936
0.044704
0.047008
0.053024
0.049184
0.048992
0.047104
0.049152
0.047104
0.044832
0.057344
0.060896
0.047104
0.052224
