0.044288
0.042176
0.042432
0.04096
0.042592
0.04208
0.041632
0.04224
0.042496
0.042464
0.041632
0.041408
0.041696
0.042336
0.040992
0.043008
0.041824
0.041792
0.043616
0.041088
0.04096
0.041376
0.041088
0.043008
0.044064
0.041024
0.042464
0.042016
0.04224
0.042976
0.042528
0.041696
0.04176
0.041408
0.041824
0.041216
0.042656
0.041216
0.041216
0.041056
0.043008
0.04096
0.042304
0.04096
0.04288
0.041216
0.042496
0.042176
0.042688
0.041568
0.041728
0.04192
0.041856
0.042272
0.042304
0.04096
0.041472
0.041984
0.042336
0.043072
0.041344
0.042848
0.041984
0.041184
0.043008
0.041792
0.041408
0.043008
0.042944
0.043008
0.042848
0.042592
0.04096
0.043008
0.043008
0.041888
0.042336
0.04352
0.041248
0.041952
0.042368
0.04128
0.04096
0.043008
0.0424
0.04192
0.043008
0.043008
0.041536
0.043008
0.041312
0.043008
0.043232
0.042112
0.042336
0.042208
0.042112
0.04096
0.042752
0.04272
