0.045344
0.045152
0.045984
0.043488
0.045056
0.046368
0.045248
0.04432
0.043008
0.049088
0.045056
0.046336
0.0448
0.045504
0.043488
0.045344
0.047808
0.047392
0.043296
0.04496
0.043904
0.04944
0.043712
0.04528
0.044928
0.044224
0.045312
0.043008
0.043616
0.045088
0.04544
0.04672
0.04304
0.047168
0.045056
0.045056
0.046272
0.045536
0.044448
0.043552
0.043008
0.043776
0.045056
0.046144
0.045184
0.043296
0.046016
0.044384
0.047104
0.045056
0.043552
0.043424
0.04496
0.044256
0.045376
0.045504
0.043264
0.045056
0.044992
0.05328
0.047104
0.043744
0.04416
0.049024
0.04736
0.044928
0.043616
0.043008
0.046656
0.045376
0.044128
0.04464
0.04528
0.04496
0.046848
0.044736
0.04512
0.045056
0.04624
0.043136
0.042752
0.044256
0.046752
0.04352
0.04352
0.045056
0.044832
0.045056
0.049344
0.04512
0.043008
0.045056
0.042016
0.043808
0.045376
0.048704
0.044128
0.043008
0.044992
0.045504
