0.065184
0.06544
0.059328
0.08144
0.057344
0.073728
0.063648
0.05184
0.062976
0.057344
0.073952
0.071424
0.06144
0.063488
0.084256
0.073728
0.059328
0.080768
0.073888
0.069856
0.055264
0.059424
0.065376
0.071584
0.055808
0.06304
0.053056
0.067744
0.07168
0.065568
0.060192
0.087136
0.065056
0.062976
0.073728
0.063488
0.062656
0.078688
0.071456
0.073728
0.061952
0.059968
0.0728
0.058656
0.067712
0.049792
0.072064
0.063616
0.073088
0.06144
0.055712
0.061568
0.079872
0.082432
0.077824
0.080352
0.069408
0.082528
0.070272
0.080096
0.08144
0.055808
0.074144
0.085152
0.069504
0.06352
0.061984
0.073792
0.078848
0.072576
0.08176
0.09056
0.067584
0.06128
0.07664
0.06224
0.080832
0.06992
0.075776
0.062304
0.060128
0.074112
0.063488
0.06928
0.054752
0.079776
0.057568
0.077824
0.05856
0.073728
0.057312
0.065536
0.059328
0.062816
0.077824
0.078208
0.063008
0.07168
0.061312
0.055264
