0.050112
0.045184
0.043008
0.047136
0.048704
0.0552
0.043008
0.066976
0.047104
0.046496
0.049984
0.056992
0.04464
0.047104
0.047776
0.053696
0.047488
0.053888
0.0504
0.044384
0.048608
0.043744
0.052736
0.043712
0.055392
0.047104
0.049984
0.055008
0.043328
0.045056
0.043136
0.052384
0.048608
0.051136
0.051424
0.055648
0.044608
0.050496
0.052704
0.050848
0.053344
0.047104
0.04992
0.049472
0.052256
0.049216
0.052384
0.047488
0.047328
0.044544
0.049248
0.045056
0.050496
0.046752
0.045472
0.050016
0.049152
0.045888
0.052864
0.048512
0.047552
0.055392
0.047776
0.048032
0.049792
0.054688
0.044384
0.049536
0.049152
0.054496
0.0512
0.053248
0.050176
0.0536
0.055264
0.049152
0.043232
0.053056
0.049152
0.05232
0.049728
0.051136
0.0512
0.047744
0.046336
0.046208
0.047328
0.050784
0.045152
0.05248
0.04624
0.05072
0.044064
0.047744
0.0496
0.043072
0.049824
0.053312
0.044832
0.046272
