43540
34198
21866
52390
36934
54625
58953
35563
39176
53887
58794
25249
49948
29026
39413
49367
69650
43812
35655
54358
44211
17581
41864
48492
46196
37938
44106
17046
45406
37943
44693
43864
57114
42530
18247
24662
39623
64774
77481
48763
40202
24343
29919
49584
61488
63261
28804
46058
18386
30766
25723
14661
24414
31230
31096
10677
48311
40945
47889
52912
25822
26134
41453
35507
24524
46415
61552
19155
25132
56823
15694
18544
17492
28468
66742
62060
29189
14688
26441
47834
53095
44309
41319
59824
41010
22331
65239
50619
22216
34026
31093
65780
34280
42861
23441
26244
59555
15006
68938
21408
28376
43380
47016
49234
28975
34872
46919
68425
43166
39156
65148
34850
31145
14486
25729
56322
35007
23490
12649
52432
40687
43211
55924
30142
46127
47320
37416
51225
35832
27584
28967
61951
59688
25925
86333
21797
26071
28697
61156
39384
57586
85334
30972
45657
48929
47510
27897
57434
55553
56078
40753
29846
62292
27037
55197
52573
49277
40473
44471
26648
28159
25342
27292
12752
25555
34845
61091
58864
20379
67929
64199
38625
33313
51454
52990
39894
27154
28809
23942
45373
10962
51490
20380
35394
38668
59590
62517
57150
29951
54538
27264
32885
23348
46863
29082
53695
19567
57305
48729
35989
37748
46716
46829
46941
48720
25044
46872
31961
33736
22018
79573
58072
29543
28736
43457
31158
63066
19276
24804
27742
38991
39569
58872
53829
31339
49876
29671
47691
54855
38216
32629
51869
37358
23251
34911
28988
22331
48663
60229
40179
25492
36301
22701
39080
35679
59857
30268
50640
36259
60628
42378
36212
13876
49329
56837
39348
40262
29008
41414
45407
50558
15387
4197
33412
25568
28455
63145
40589
43066
26100
35019
41639
24449
43088
25248
24972
63482
71433
43793
56742
38389
59764
53230
34511
37711
29734
38860
50653
39037
30164
32379
59075
48763
58627
43091
32433
41451
35466
41986
42599
48109
48538
40251
49347
66641
62471
51550
22097
49716
34239
21841
32932
28257
54221
32472
29153
45175
30308
33020
52983
53363
39332
50752
53093
35807
34727
40837
33308
35907
57968
55663
44579
41148
31546
24277
70706
56423
43814
57277
57397
34277
47685
57921
42764
48059
22815
36192
29269
33488
38299
43960
52579
58480
21041
26904
27523
33697
27971
31642
31707
20628
47640
47989
16800
18042
23074
53046
31891
39518
32915
50611
28312
41505
51993
21077
53011
53158
32397
26592
18229
49269
53069
33979
35140
21063
67956
35878
17324
42716
62916
27114
22733
41304
50427
40212
51106
23575
37087
48128
48432
29710
32568
26644
50062
61440
58566
19782
35461
25641
21095
66341
54952
37431
43605
48748
20757
37332
25634
38194
53463
20695
33408
42984
32823
23078
31699
32275
50138
31197
39981
33522
53763
27768
35947
61088
20783
40261
65969
32478
25326
54541
30561
38388
50453
49307
36003
40576
34440
23395
28256
65414
44907
51398
59980
41549
17473
31364
53581
52146
36963
41684
63113
27980
59000
55813
33656
51432
44896
46155
23206
48494
51684
12474
46236
44824
21051
28425
48623
54585
25683
57182
46617
29549
34376
41982
33131
36612
43665
34373
45660
45055
45977
38509
48107
54409
26472
52723
37338
23261
23870
44140
53190
56558
54961
31802
53654
67410
55662
44613
51735
41432
50286
42346
46419
37438
33196
43634
28796
56954
43967
19183
55921
35768
10687
60486
53806
20818
39282
28932
25229
47513
42444
41560
24029
26462
53593
46570
38730
64199
35367
52944
38327
17510
35607
20973
12381
20782
11909
45492
47433
26722
48055
39774
38714
32859
29157
34863
29982
48031
39468
49217
47798
38332
46680
28728
30134
44001
40481
62240
54916
63017
40439
41184
43223
46514
53633
45530
33074
28492
38457
32005
38452
53736
57730
55575
30712
17966
31453
40546
60310
27545
36622
41729
27169
56780
26953
35671
48500
26721
54759
33347
53027
24118
14696
54631
39109
52833
48033
34947
26348
41803
39255
43299
62114
20439
21372
39290
70266
52878
46092
45593
27071
46685
29055
43032
60504
50088
74222
30592
48121
57022
40934
41263
14746
62394
56661
33372
31523
34778
53192
59918
73804
46973
59415
30475
45560
55908
38395
45970
71639
39299
36409
62595
17701
26009
26254
18268
25608
47185
35307
39581
49762
44011
47561
82233
44873
36607
32269
32418
42907
35767
23774
57951
20438
25363
18102
29115
33465
47901
50855
36446
39802
51369
42965
31109
29125
56127
48307
21701
35282
45608
26357
61753
19275
23105
28823
17301
63938
56228
25582
45605
23591
59523
49731
31862
40165
26835
64354
19317
14877
41399
27274
30227
60826
44843
23846
19226
45344
25784
23979
20410
10766
26032
23451
28672
23829
13451
32226
11995
26583
53852
32165
5064
21722
63054
32308
58061
61537
23833
49161
44961
43606
56306
81049
41534
22317
42038
53098
60514
42679
51941
24864
40703
52368
55048
28738
56477
22211
26154
34510
32594
58226
58068
39542
57376
42405
29405
27730
45978
35670
35647
38923
57857
35791
40300
27388
59018
23126
33895
38668
78242
65052
51209
58616
29758
15627
66073
24580
61409
51870
67911
37752
35615
40121
32103
22997
43993
56601
45027
38154
70059
38321
33365
34793
41547
26642
23751
56439
22484
28950
21173
30494
56480
24824
28875
67875
41391
37888
44674
56801
42071
32489
33583
26511
25652
30935
42871
37356
66295
42183
50174
45569
28668
53449
39510
36616
17695
27592
20412
59033
17975
12313
45608
52002
17842
72488
56528
22887
46753
14721
57191
46215
37677
50016
56597
42766
37079
61050
45890
43864
22193
42267
68158
54755
52026
34573
58260
55774
40478
55308
38081
55840
43316
44724
48700
27411
15814
39833
48393
40058
29469
43325
26120
20768
50432
45822
11022
51920
61199
32520
63272
60257
25887
38800
54339
59629
29904
51871
64579
32457
32218
58415
32499
39200
61412
15132
29112
20776
32488
46617
44301
65482
14170
36622
50319
58062
31885
28839
31353
32376
39858
52526
61307
23873
39582
43680
46224
34616
26350
41412
69939
22322
23617
28400
60819
16517
60061
15237
43481
51661
35447
22911
24446
22271
59357
17501
35425
28363
26465
36799
32231
56477
38282
63405
22015
19113
29409
19755
24840
55533
57111
44173
66373
49025
47027
26175
32137
39797
32391
51491
32102
34499
39322
52006
56670
29353
49609
52238
38431
25459
55846
19734
56949
49594
50429
64817
44153
64283
75896
57013
43288
52295
57180
20914
22303
45332
25373
49283
26247
38836
51391
61541
24195
58469
24373
68254
32715
69486
18271
37698
30005
38840
39800
36182
71475
35068
57025
50874
30051
24761
52267
30490
31013
22648
32551
50096
59761
34932
70484
53430
37410
15011
61359
29167
31810
56118
38255
49368
59470
89217
30332
26914
25641
17827
64597
23597
27317
47188
22576
54817
60102
57923
47724
53129
59146
48598
45582
51488
31720
26569
50926
50421
27050
30983
57108
26005
75621
65593
23301
72934
61071
26432
14434
18526
35244
52997
66660
52440
25034
56458
29578
52867
24534
31934
18423
51116
19687
31660
23486
32140
56073
64253
52658
19727
52948
13574
65213
29225
31558
14224
26492
14189
20099
23636
33900
52409
41985
44389
16441
55301
41509
63784
60088
47858
67225
38598
20224
43128
14323
60401
44698
67627
24710
50690
22168
33776
29085
68301
21265
48383
49266
55047
55090
39107
22726
34101
47884
36593
30994
56070
73308
44048
18788
34217
12616
28580
31999
62971
27414
65004
36617
49909
30460
54631
31981
21340
56816
40847
55185
38206
71715
68528
26812
68205
55248
42222
60652
56178
53728
69636
64133
36003
33408
12384
50470
21025
44843
31712
43445
27256
39624
23644
36826
24913
56755
62445
32122
26238
55241
48208
46575
52016
50930
46327
55018
48160
81071
65359
21007
24394
39372
31291
14937
38235
30078
21261
43956
46197
24326
28909
27572
42357
20968
62326
33005
65674
24896
30135
44346
31416
22625
65566
31715
45197
45000
28572
18484
45794
57471
40982
35528
25377
21975
28797
46992
35916
51780
57814
58452
61242
34940
34198
60273
21788
17532
49498
33285
51432
23618
31324
33686
54336
40823
68454
24706
44961
40896
55204
42886
32181
67098
25248
38015
48665
38714
77015
45109
47807
22260
41274
29110
68097
43689
63589
28063
29796
37904
15300
45955
23930
44474
54415
54802
66272
38211
55292
29300
29144
32322
30709
50273
35289
27023
45098
38269
32892
30554
37682
38099
66524
42616
61854
56540
27654
19913
48775
46026
33070
40375
27806
45519
34653
31277
41092
48663
30984
28635
44054
60193
22685
33049
29071
37642
57203
63423
59927
58992
33595
45623
46334
46835
59343
42257
23779
73378
65440
39924
61323
31727
45110
29314
33594
53424
45141
19912
14667
34491
57669
54376
53772
57757
28489
39467
52775
27661
25572
33502
35778
45079
44978
30996
31161
46947
16368
64700
46068
44615
50470
26563
79508
37827
48147
25634
41168
50001
24154
23925
34476
20566
58165
49492
43559
58446
23872
29343
37658
22824
10882
22619
39943
43525
35839
23630
50400
34554
48894
69577
65282
44929
69604
40258
70436
39534
42725
69656
47591
41024
53417
20292
50728
69540
62712
22773
55976
53192
25146
27450
47803
20867
12752
30090
35731
54421
22226
21150
39381
23171
33139
44745
24616
37675
58695
27582
49242
53842
57661
56021
51411
45158
52459
36924
28678
26392
63029
24411
52086
44361
26384
46946
70415
60781
50518
54312
36970
34786
27116
57216
44213
53977
42357
17192
62556
47712
30799
43123
44486
16890
46654
38996
11506
23862
41374
40985
65429
45573
41931
66369
45172
18335
52093
12554
53206
23926
23550
47311
34051
29300
37070
36841
51407
38714
39473
46717
42763
44548
25421
74355
64686
17100
56760
48219
53329
40387
21504
19928
52422
45095
42226
54899
42245
62391
62567
68559
55335
67370
33079
36163
38618
20376
29492
25928
64816
51659
73011
24137
61946
63724
78744
23796
30837
41261
49241
17553
46119
54496
50938
31525
27463
38838
60616
33600
44535
61038
70709
50948
56649
40103
37111
44294
50954
42103
21086
40127
44740
44364
79262
26222
60487
58989
34873
15958
37314
69621
68896
32098
47557
40351
48730
52830
22132
34639
41145
46507
47839
60684
41830
26223
22630
72218
60659
26967
64904
21033
31257
59787
32395
22985
46899
37102
38148
60197
64236
47956
56858
35601
28934
16131
39278
38221
32118
27820
47699
48898
46044
98320
40837
32276
20375
38076
46628
57558
35693
42330
69744
43445
64332
29786
39632
20635
66917
64318
41721
48595
49107
46712
40007
45793
29613
39961
28199
20505
35586
29999
34719
32662
60665
48439
36140
37450
34894
42662
40088
40056
24626
40773
22051
23206
16850
55488
45202
19857
46004
62787
79604
30401
38854
34988
30314
41074
47713
66507
37480
52723
25054
55063
36075
60870
23436
34678
37400
42289
19630
32923
32455
58794
61761
35663
26369
46513
35476
37354
61888
41549
43081
22452
36583
20731
19730
29666
60712
50810
47546
29116
40557
25791
31801
45901
20414
21307
43629
65443
49523
28869
44711
48554
35761
36923
19699
36395
26194
46806
72178
46921
22209
45773
26425
15976
14679
27254
59885
63548
65036
55026
49067
39319
66263
21690
20369
33895
35846
20148
57399
61902
46573
35811
20982
54297
33652
28498
30641
31719
23935
14579
10263
59086
37583
60456
16858
32463
49943
56674
53974
36540
38116
63424
35102
53848
29318
49790
67309
64207
25309
28123
34935
21494
47905
64468
27571
71324
58110
25540
49799
22533
45538
42873
29329
23193
57743
30257
19140
42669
51902
42310
31774
62775
66910
46959
53834
74215
27803
76401
35629
28143
19887
69120
52699
75142
30893
55652
72707
43407
46536
37286
18690
34423
49533
46888
28082
21102
28263
41645
24107
43459
23348
54758
32181
47414
45598
59431
46478
29132
43615
11552
54285
33477
51800
17545
31673
39950
30209
18268
28115
46410
46620
24575
30143
44302
44943
39158
22996
60096
26517
14385
8738
17061
37375
20976
59615
26973
35933
21528
21874
39229
56402
44104
37067
27955
28314
23880
30515
65086
33535
24367
60888
45071
31991
38369
27976
40566
60222
58098
47831
19335
23039
26617
29668
24391
46171
65779
48315
67230
14657
53534
26715
26604
35244
35147
15792
59651
57684
43435
38366
32090
34629
49088
27669
21962
41421
58866
78365
23850
41478
17655
53351
19367
42013
16494
58460
15161
18099
43880
30656
59012
58629
30224
48890
47674
41651
63947
41354
11341
50858
33861
47279
64937
25813
41480
48378
42461
50531
34412
21296
48631
24346
41112
57522
55985
45766
17937
46743
53720
19734
34292
47338
58389
55121
49650
34568
28139
34554
51463
34629
60297
25451
48477
20711
31554
20415
27160
35525
38789
63576
13693
54033
47216
68225
30694
44300
36194
37709
17212
16114
47033
40877
37861
53583
16450
34567
18751
40425
40677
26697
47436
37740
19255
65163
17665
31742
21406
59840
18448
47489
25094
63520
57281
60840
25684
33645
42829
56575
44008
25999
61710
57424
40074
30673
52070
59679
22126
28187
24284
45855
19759
67248
19085
44674
31628
39452
44712
45509
71834
27212
65575
24065
44733
49597
32077
19563
24643
39040
41483
21664
35621
34060
22978
35239
29517
47586
29019
24638
45051
35826
67292
33720
26011
12053
39618
34599
33723
24990
33903
15296
48081
55800
85124
61277
53469
63633
32035
63505
28389
62016
33545
44046
23848
50381
21686
49164
69010
29377
23728
43489
63582
57733
19530
31576
63621
69987
31463
17498
43924
35854
43822
26171
25720
59804
80184
60451
58457
38712
21228
56672
48810
34470
51787
39130
48194
32614
40103
14030
68650
60416
35267
26620
63294
46631
73960
79450
22124
55125
39451
25711
70920
30950
30875
75033
14402
10466
19232
24232
11788
43551
50203
46186
18576
14353
41633
37198
12809
28691
29730
44927
46076
31269
57853
23212
73886
31544
36320
26037
73195
67083
28572
46878
67377
67740
23392
39071
31878
27638
28570
51998
38949
33763
18959
72265
25674
51592
22743
37414
56026
62395
27826
50084
20085
48985
41570
50219
21928
45405
41830
34054
23125
36400
36349
40563
27187
20183
25322
19371
50666
59781
49466
30951
52636
47271
29548
32943
66927
38848
39141
45283
22885
68576
37596
20655
49044
44873
40098
37704
41165
20688
36057
50039
57145
44257
23710
46191
55301
27097
53718
63349
31626
39552
39105
62637
38254
44415
31657
28031
47813
20895
47230
23009
39601
59518
35298
29175
67567
50668
66875
44020
32021
46620
21713
56951
30049
27526
54540
32519
35578
40162
33593
18026
45159
58612
54786
24112
46888
67282
31733
51812
29901
27907
46254
62052
20214
21738
24345
46539
54909
32312
33359
48602
30618
51863
51520
27879
46648
50076
45751
54783
57105
22285
32542
53882
57946
29229
57051
53460
20726
58912
34554
40201
15787
47074
65457
61959
26304
23566
54702
41896
47663
49423
13869
26865
26404
29363
40380
32208
16035
39159
24417
59872
48067
66792
37395
23522
57688
36117
20732
43634
66201
56657
27454
48001
36219
59309
59999
52447
56608
38344
55429
48123
42047
31063
18988
42565
49404
32901
47614
64151
46732
47728
30107
42718
26515
53751
62312
27786
65054
24748
27982
61706
41807
22344
34437
21275
64721
28944
26641
29592
52065
26928
32191
48706
24744
30953
49850
84825
25474
26548
29998
26534
57935
53526
41118
39157
28653
38621
31294
44283
23816
56397
46887
77863
34725
54022
36902
29123
53413
39664
60694
46963
23849
14903
32850
64011
71951
19180
44575
42402
35148
28375
28851
60680
62073
28229
48251
38214
22777
43538
70389
25404
24233
53087
60734
18445
29197
45535
41593
21238
30099
48373
50505
37622
44928
47179
45357
54800
33807
38717
46572
18839
47752
22503
40112
47548
38512
50163
21025
22635
51127
42026
53883
17632
18886
48823
68639
56300
56888
47476
59746
13761
37897
25851
22425
41902
27774
38294
47223
62750
26279
31345
36222
58978
58953
46555
29560
58159
41938
30819
39050
39453
30050
40840
27243
21288
53418
57471
25156
34294
22946
56528
70523
35158
49880
67760
33455
49896
50921
45698
26087
27080
22671
52109
53828
62601
48373
50011
45292
26383
56331
18367
56764
56285
35840
37816
46786
26119
25346
33570
26114
51812
49764
49359
34837
49142
50026
62275
50369
28915
27630
32984
47486
41402
52227
25429
41580
42153
30984
61387
32179
62271
14294
45648
30780
36739
55578
41961
60084
20326
47678
31005
58653
64904
23828
55386
42423
47137
19269
49715
53432
23450
68775
31651
45138
31885
42064
47019
42529
49098
34768
30223
24385
18637
36906
56373
37320
42024
48179
30258
43321
57809
59826
36531
48397
52214
55039
64232
39028
29625
33979
42379
48405
54959
33763
42253
54057
58828
54044
55308
54904
52246
34316
58700
53027
47198
59018
24319
24116
55677
61440
57942
38906
64130
40635
27256
40729
34876
48191
29807
32976
38675
41548
67314
47000
58310
64343
43767
32856
48219
26128
55382
55737
40136
50570
50080
33114
30311
29154
43530
51799
35784
53324
25669
32243
22271
63494
50339
45142
45134
51658
47358
40806
46713
41404
44240
52623
48346
30784
33315
63451
20823
49694
51481
68282
22471
53288
26188
31762
27324
18900
44636
44066
31290
22757
27214
57977
38820
22992
22786
24954
63895
29640
48696
36700
53592
27473
50426
61584
42825
16535
52942
53881
14012
36506
20201
48471
31728
48464
42651
27093
29349
23344
62933
40758
48538
42951
23802
16523
67947
28943
46654
38392
69684
31274
45180
49683
41938
49130
55289
30768
35384
43093
27251
28812
17838
62351
47377
31946
65016
50098
45981
31385
63575
34694
56287
30343
44780
31332
47579
21470
54462
20712
35446
18964
32467
50203
48997
42857
52850
53441
42331
35523
48435
49283
67756
66701
36107
36321
21574
33819
70990
22592
55802
59260
30636
23481
37292
52677
41833
43560
17303
51553
41031
33221
53858
27496
22546
48942
48679
45020
56266
58083
50426
36108
36042
25172
61746
27334
15662
41582
35330
39469
41978
54055
53469
27321
62858
49131
29596
26711
47095
28433
69593
30273
66497
45899
43439
19542
53152
51521
56804
30751
43070
42473
19237
19965
47475
47576
22580
39544
55661
55902
22464
59639
45885
40228
75460
23044
25832
17871
40394
25460
38643
61001
40936
30087
50233
48728
55380
36705
57461
34700
37427
20909
38784
28054
38046
42928
43218
47692
33997
26920
48875
44704
66784
40224
18075
37583
42828
25956
19563
21073
42413
14925
46200
38221
48124
48523
40584
33153
47984
76858
16632
52900
17566
62690
30508
44242
33116
62671
31483
43402
56445
31774
30646
41432
46003
22512
22444
49940
50980
34338
22423
25425
36014
31399
30121
36627
39349
36120
56176
33403
52533
55062
54522
21757
39577
24790
52478
16864
58199
37517
52986
38384
59498
19867
35150
32483
27225
49873
30595
23434
47596
44046
30062
64049
59180
33775
36356
47205
32828
40607
39705
65861
35737
55845
21842
29015
32153
38022
50380
33241
30859
79233
25723
28722
51306
52910
63248
28043
24800
61186
40766
66042
40101
37275
40318
58581
26666
16017
46011
31457
33792
24631
27195
49390
24003
35601
21282
38617
64277
58127
24830
29480
63722
50159
29926
70103
43544
57775
52387
61658
47557
64029
19540
30139
80363
42675
35485
59640
37776
34064
39635
57543
19769
42067
17466
33730
44078
52512
56811
27359
22558
50116
60988
50686
33250
49809
41428
39590
24126
34059
44290
41497
35385
64874
60434
59039
44468
35871
58710
49402
15000
47883
19392
30393
65909
39797
48159
47564
34617
57308
66362
34842
56746
26557
53119
74993
17302
36671
17079
85653
50982
20880
41737
24873
35077
59482
23801
23350
33105
24567
34354
16528
44271
21159
23718
40400
52426
51604
62799
33078
55396
24937
74928
62871
62646
29458
37221
53746
64226
47927
46097
30857
31440
34145
21349
34692
43446
20594
55915
68046
82099
54115
23277
15384
17376
36801
50574
20095
51441
66829
46588
22628
39036
68671
16600
43396
55667
42841
38545
30145
46172
29320
13684
24872
21667
62948
18741
39011
32906
34800
30201
30924
37061
48186
61192
56547
53110
34272
26438
57057
32807
55241
48457
26828
38268
64238
39643
40251
77452
40000
60107
52792
48459
56255
59570
68327
37542
47502
30208
55534
37901
26063
29344
51120
34324
50929
38177
38458
2912
24498
55135
37877
31669
76843
49389
29474
45207
38976
28323
40325
9405
51084
43567
19222
24770
39627
48300
51609
36161
40545
39599
51425
55948
56332
27259
42171
72564
19945
31552
27355
52075
43052
46859
22779
52139
30067
25672
41880
56612
28970
60921
51920
29910
47666
34728
30183
31413
41947
56259
63105
23546
47229
28559
50091
50483
20767
32403
58206
46196
58472
48488
28567
48927
36859
58510
35566
37937
64590
42426
32798
22568
68577
45623
58003
58210
42299
16204
51576
36852
67398
42633
31445
27116
55312
18577
55758
35853
28538
50179
22843
62374
39314
45222
59292
52052
61223
25814
20007
32637
28301
25314
32734
23687
30215
41513
58850
33752
33799
20073
49092
24498
45412
54397
38444
43608
35646
47073
21772
59123
35309
61390
21850
63159
22914
39076
23250
70006
26595
12478
76880
65965
38404
43903
27951
15546
25275
69162
24579
22397
42979
52274
46307
43059
28668
22958
36800
23214
50455
59201
22062
74599
22502
58060
45107
40509
54742
22177
44325
54004
40193
20305
27024
27847
19674
22729
44765
45198
37445
33139
65581
23985
47496
65034
32275
67358
43265
53104
61611
29845
23235
42238
56634
66654
37574
42766
32257
52027
29982
42876
18071
28512
63137
16063
32809
39314
21647
28708
25642
32359
37340
34754
37649
30640
50974
42657
31354
46073
25770
41249
31269
53852
31251
36435
54467
34048
33088
14211
36630
27154
33706
39506
26305
45521
31970
18159
47899
58763
44911
57438
42986
36969
50725
24230
22759
67071
22672
17983
46744
13631
20222
46984
44969
56134
51603
43141
57072
50054
51629
46980
42418
48674
52590
53797
26700
29316
54542
42077
77794
12256
49984
27400
55089
47383
23956
40135
30578
48855
50285
28955
43278
40336
59443
45360
34136
28715
32235
42785
45679
29773
38085
46086
62882
70719
68848
24053
43427
63660
28532
27466
27691
37671
59044
45183
24151
21498
46045
56749
18899
52177
64118
66514
28004
53544
25974
62633
78567
36209
39109
66937
35665
63682
36755
25074
14624
46461
45409
47865
35986
41695
23784
62429
40556
57732
38517
66066
61078
45381
63459
14471
21367
24942
82338
28923
17941
47173
30924
56300
21209
33670
37912
59813
26992
49564
61648
16882
28321
55950
18885
49295
54755
59466
34820
30252
30304
37510
20968
33396
29282
62203
66817
28089
62213
31955
27697
53625
45215
50313
28526
65111
67181
56066
50420
20620
40021
46923
49098
50024
45566
16306
30621
44363
52203
31198
59847
61519
49221
25022
47244
39257
81897
19803
15954
53054
40494
74807
41068
16925
22048
66213
35032
49637
27207
56390
20601
28715
26984
36290
63447
55766
25315
54231
47404
54561
28026
34458
45464
52883
51827
42916
21499
65616
64294
45752
16537
44314
18232
60762
49510
32520
35953
66095
39664
35084
67414
66650
30918
22490
29484
57694
33178
63197
82024
11674
57574
39781
39079
15099
17455
51293
62007
57984
33310
54800
31365
33165
48875
52955
32087
41063
61104
46778
62586
44293
27563
38520
56404
36781
27265
41734
45516
21703
20548
61287
31931
45400
35264
22909
55047
37992
43248
57114
69098
38626
43769
29368
55946
59188
32104
56789
45802
52817
29538
56737
31207
20458
42742
22762
29955
74670
52513
43547
70973
9184
47636
24722
19213
52045
30420
50558
72664
73791
44628
36076
52884
79052
55596
23390
46589
50341
50888
44891
39101
20921
41624
41570
24345
81928
57804
25677
21797
28409
46547
40205
51211
58797
64773
21528
52887
53135
52984
43275
28853
18293
43308
29539
42164
21022
39482
68252
48483
21850
48623
52868
38030
38726
26871
32524
28576
36600
42668
37819
31750
25403
60546
38017
51148
25113
58380
33723
18754
68534
26590
36656
17437
35005
40172
50421
43807
24804
25317
37401
39634
37342
17845
42243
35996
56960
44780
42604
54760
24367
40807
40120
63085
30319
51847
33904
52295
55074
35029
38170
32364
22124
30153
16988
78596
46586
43576
57648
64771
44946
46513
62456
57139
39982
20114
72180
29111
34233
20537
39295
33018
34873
7295
31294
65119
64945
15030
34157
41341
55854
29216
63019
26501
46788
37794
52411
68802
41469
21053
40939
49214
38913
44971
59340
21297
22602
33782
80037
52645
50279
57693
43482
54954
33661
36500
21747
18134
24827
62886
23845
42997
54605
40028
38905
68303
39463
46812
30095
64000
34938
21448
63024
71134
38590
35225
19552
24713
34176
19970
37297
80428
45082
39340
61625
62951
18523
45947
35597
54467
17306
32634
71826
61869
14513
41790
15973
52390
23436
35025
53144
67444
63059
16762
57609
52773
27217
23865
55746
50533
38493
21337
50462
16291
39619
57542
64024
57731
46452
39423
62892
42600
61344
41120
14184
20188
34980
24388
67511
58731
28607
53633
30535
22862
35249
16335
16112
63669
31382
36004
35864
44782
32319
45420
44809
48392
51103
38515
51379
29666
21379
59473
44599
62542
16632
36886
66077
24733
50849
60964
31892
17804
40283
30006
34904
36012
28439
40351
48259
48921
54230
61345
22347
61067
58342
49460
49678
60670
26635
36148
45001
36187
43624
55647
25842
47262
32497
54774
50724
43738
24484
54796
85651
28947
41598
23600
67779
24140
74665
61428
28628
25822
61043
50387
71352
55560
13362
18788
24511
71340
27694
15184
20276
49996
62655
32445
29421
33431
38912
42218
33189
48196
43017
24136
20322
36370
48247
29079
37767
55856
44251
69324
43612
33145
65084
33660
70172
39755
79126
25772
36400
36720
55814
43683
21699
25939
53556
39280
30106
32469
15481
47864
57436
41079
51343
24772
14279
53807
41731
26435
60714
63536
57523
33789
61038
19146
31006
31286
15856
68523
30224
52628
50825
57036
13544
46387
35965
48155
59075
57359
44407
36286
22061
30103
64488
22928
26650
36105
59460
21122
17439
41001
24815
39263
40603
31255
37941
28694
43901
69129
52840
30407
41473
23666
38703
32045
38462
46202
44080
28923
19790
59663
52269
33558
73379
41386
43446
24216
18047
35423
28621
58741
25430
39494
60828
32827
65110
57903
65524
58990
48367
40828
55388
28461
30093
32180
17313
47677
59932
13561
19758
33767
31629
50926
52359
33368
51195
36553
30549
65943
27401
60467
62928
19352
56149
45334
51303
40115
58606
71919
57542
63920
43213
53462
42295
58441
34928
63584
37130
26739
38613
70970
26009
41026
61413
40719
54795
20763
24363
54482
39129
36571
28848
63974
54613
58570
21122
21227
28494
67791
26981
67322
26006
20629
49174
39796
62529
72275
69241
45500
61219
21732
42714
27568
55141
36449
58099
20059
33242
20088
43238
7263
48073
43613
28137
28747
33816
26157
23171
23174
63224
42973
49118
52175
26971
20551
68878
35088
35129
46350
52777
45018
24293
45843
40830
24299
37814
66446
16980
46754
60384
20534
21617
20422
36526
42449
42254
27105
48853
56872
37226
67895
14027
15386
36221
35922
41110
44033
37208
45220
62882
40965
22283
22009
24162
30689
41553
31477
43070
28932
55575
30915
42493
17552
43132
42271
42260
50459
35655
63539
35661
64505
23300
63319
45242
37117
62117
27942
73671
36609
27942
16550
21818
40065
22616
51014
21896
60492
48251
39782
79999
45498
51990
45963
56659
25897
50710
45185
71178
38878
44872
89328
33918
37223
56375
31596
30983
25565
26845
18428
59615
23361
39254
41487
26026
50555
28036
33603
68340
26564
26236
51801
66575
38190
28780
48063
36722
47477
49572
23506
26692
40128
45082
56591
41724
49807
54435
33154
20665
32884
31803
11661
50233
43441
62699
44696
79269
45140
40631
49507
23133
34886
13934
52968
21866
55258
45164
28558
67406
61167
25351
39633
39822
36822
81391
36860
34191
60629
30601
31063
28961
32826
34796
29967
46844
54915
43178
52721
64610
23565
64504
34136
53901
64087
58193
46659
66565
41751
35444
15247
35999
51719
31745
50813
40458
35637
67652
78377
49598
42790
36546
34911
39364
48612
23295
61321
59644
52470
26817
46846
27234
16345
61587
56895
30146
58829
54537
33001
34418
20429
71227
40212
50887
37559
29698
44379
31120
30688
27236
21001
64371
48443
40307
61782
54268
24111
38865
29543
34371
58039
53039
21123
64347
33847
54216
33009
19694
49444
20625
65436
15842
23669
25596
20443
21398
24523
32088
29651
27985
31257
43367
25413
40741
32904
30370
34348
19505
55986
24587
58935
59368
30084
23548
37111
58253
46260
40831
33399
61496
21807
41771
22221
36033
23096
27513
33416
21938
52123
17821
27106
60811
45631
30707
66896
43138
35439
27484
22549
16326
19671
57059
24057
29707
20008
18962
45002
22321
35079
40686
21500
55724
50526
25616
71163
39357
49290
45721
37853
70376
41941
40174
56228
52114
63623
44021
37099
30590
24805
58572
53060
37907
48421
65250
18428
12296
42095
42786
50578
55666
31964
27419
47011
39941
36552
39583
24791
36427
52135
45714
47965
21451
22195
70204
30290
25651
20292
56507
15549
32258
26658
21713
55446
44898
40908
21257
48749
13034
58110
35082
85173
75498
22189
27375
15701
38139
11718
40111
36098
32077
58147
12789
23969
45103
53281
36772
70026
58354
43714
40508
14028
44824
61067
39605
58674
41760
54540
31137
48988
20724
61486
37126
37651
31092
57109
12951
55516
57302
32223
36469
55766
19195
30537
37247
42811
43931
39315
46416
31150
35747
25976
50258
52712
27922
26751
23148
38321
44133
17693
47088
21521
58200
47752
50145
53914
58618
45396
47960
18349
35383
34870
19677
16612
54372
31473
44934
46225
51813
63030
48629
86517
48071
35419
54351
24936
36515
31013
43095
49717
45589
46665
12190
29452
37929
25712
20566
24670
44632
24683
59125
24822
35880
27210
29117
44357
33675
34013
42721
32080
45171
46781
33506
37221
61405
19530
18835
44171
26586
35791
52064
73929
49676
40909
34035
53483
26996
30510
29438
30089
58236
34270
51101
44306
66508
30725
60465
47936
64819
29943
24841
41980
38179
38636
34215
30468
69714
44021
60439
65535
32267
19339
44490
14574
23540
24412
36449
18067
29288
56559
50760
33457
36514
19646
22213
23492
42735
33905
39861
21437
39276
53033
51402
59836
54074
49717
62369
58224
56065
54799
38491
53295
14593
31673
17897
19080
35079
28530
22487
51327
29218
26215
48855
12838
42316
57418
30462
12801
55035
23906
57438
20220
79690
43511
25155
22764
50237
37727
28256
47257
54071
30643
22359
43412
21222
45750
75657
36209
40634
24924
22132
29663
43226
44777
56891
44034
33695
49155
47379
43049
31602
43043
42058
62089
48743
38754
56256
36892
43268
55866
29168
33792
55232
61508
56111
63237
44540
28092
32807
39418
58624
20924
38616
49900
37601
50832
23591
41563
14215
81325
38213
40330
40525
28577
25590
33776
31388
41332
58915
37874
37437
49239
19238
44954
54575
32665
27895
22828
54802
25830
12507
31757
60619
73272
41951
36039
64701
51509
28173
70561
31263
51080
50041
23021
20876
65352
40296
46298
63842
43645
48068
25853
46566
22779
43284
46361
23533
42831
25280
61803
34840
29990
73662
60598
48103
36878
14362
46322
47940
60847
29747
60789
51681
27793
22079
22565
42804
38553
28765
42177
36761
28313
23118
27527
48487
52979
47919
25353
47776
67018
63700
46388
22158
36273
28022
53900
67128
44909
39172
29339
41181
29132
28496
52884
42156
61715
22283
27427
28755
19196
61915
45423
20757
39487
39393
41397
38128
66780
41228
19961
39150
35638
46887
44773
28519
58372
43131
67027
63550
28384
55288
36205
64595
17110
38247
29895
39030
63957
39387
40934
18561
28308
51510
20422
43012
18912
34056
57436
35170
29732
76735
49294
46783
31425
36797
50300
17445
29337
51976
39647
34432
26279
28066
24627
52561
44734
43792
19674
52627
38601
35525
21578
80252
52693
40639
17535
30373
61856
54031
56002
20022
52579
21704
53254
18208
55702
49655
21471
37728
24809
66609
38030
43835
20730
29261
21702
31118
13873
65101
20854
19203
21075
72363
16841
39427
50379
39723
41674
23643
27794
28348
23505
41899
30143
31216
18168
19648
52848
69493
60931
67419
70181
59926
48727
26183
41609
27965
62752
28730
61853
35153
46486
39784
87771
40794
23626
21547
25710
38873
44254
28287
63736
26310
53152
58996
12435
63538
29806
26388
64813
20279
39064
41030
52674
85682
32068
38643
30271
47224
39307
27685
28206
28997
43960
28848
88635
30040
70760
35672
18419
15887
41018
18773
14786
27216
74282
76027
46261
34110
49362
72245
42428
43367
57116
35264
22499
45164
42609
76761
61263
40839
31929
35173
24860
55823
40390
79445
38215
81893
33091
17726
25335
34649
61799
35348
14493
23819
28829
26055
33590
44832
50386
57966
33798
40979
22878
53425
27858
14775
47865
52397
17901
59937
25359
14529
82643
37688
41753
54547
68070
26968
44748
66932
55758
32534
60128
35426
49430
28306
57157
26258
54980
58363
11339
56980
71782
40817
20707
41056
60204
34656
25460
40150
42527
48955
33772
27832
29675
53264
34067
57019
50514
36346
16582
52005
19830
62574
20851
32188
18973
58241
41808
53123
33461
58933
46047
24432
29194
45205
33342
57110
20217
35511
25564
35068
37826
16719
40041
43322
57518
36247
27631
58503
26920
70623
24064
19621
14895
72007
40506
49096
22413
49036
41249
30379
44687
30461
35326
33081
54351
54047
33729
34520
50445
30608
33705
26072
46844
72530
63265
51890
30161
28708
22212
57115
20033
33836
65739
57580
28446
26993
29140
70033
37934
21109
46093
29139
44956
19451
41502
28013
53051
40828
48272
34649
21369
28326
52785
63380
43467
46083
60507
27444
31900
35257
34156
44683
40638
65415
69207
49733
67887
40883
36362
57177
16169
19048
17455
49539
18487
44705
24711
24082
8451
26351
16174
22615
22750
40131
56858
28134
50486
48538
33406
44811
21872
30562
23855
26495
61353
67385
44881
16484
18382
57803
79735
20432
28901
22343
25739
19569
37920
28986
51109
40550
41013
35242
31612
42962
54878
27300
36698
21183
74084
47614
19042
62552
43189
35697
38057
37921
56439
48451
34328
62600
62978
11065
51353
18600
23862
41939
45312
75481
28184
51657
26291
21002
64151
36800
30919
47618
38499
51293
76684
26365
53453
68725
40147
36590
57243
32711
37167
42994
68073
43103
33166
27426
62723
46927
44295
22455
22509
48407
30230
64986
50897
37814
21843
37904
32471
48582
53136
22208
29589
29554
62569
18592
43740
36919
34469
24858
34338
18809
44587
53618
31401
41129
58091
24998
42923
28540
53244
37927
45845
33282
26996
76887
94259
53722
31682
19643
12885
58630
31443
30842
47950
32244
13542
40311
66301
44251
44615
30898
26985
52283
56822
41872
43649
37894
35176
12780
9192
37475
39696
56080
54485
23958
18103
60080
57645
55480
34514
43486
45910
57915
26333
44510
23370
40407
53357
45448
78819
36449
23737
47580
48627
35557
52531
39453
50057
17008
42987
19767
17470
66659
20466
33391
45326
34528
48217
30339
51230
57671
41789
88479
49404
42187
40372
21043
38824
67557
41783
44942
60459
46835
32159
40070
20694
52304
27163
34706
45880
20985
65027
24874
26954
42386
27143
68197
61978
59481
60099
26562
34727
42236
37778
19006
77086
48335
29275
40409
26809
28713
60591
24576
42392
20022
56411
43631
36491
45239
33895
36006
22010
34670
26808
52662
26412
67006
39993
18500
61938
44132
41306
34784
41353
90190
57133
45185
48574
60480
21649
48904
56113
27113
18228
63948
19638
48402
23218
40904
22074
13445
37778
43312
36877
20170
42923
54772
41399
38698
39362
64842
28634
60589
32990
40973
31732
20499
22546
76072
50984
56160
38788
53181
52045
71012
19723
44623
29049
56714
37049
45537
54264
38129
71755
21337
53263
68588
16530
22352
50394
39082
33313
33786
39537
33946
26909
65207
47554
52125
38894
21864
59161
57846
52504
54432
27481
34347
50939
63616
53064
20133
22379
15721
18201
32061
38856
19076
18426
36306
27262
45478
14445
48601
21909
49418
38370
55429
36123
61036
35103
18561
32131
17236
30250
59760
50716
18157
61195
22172
61169
25612
45487
34606
52852
52068
34729
56426
64777
27655
16672
46915
23838
40647
30526
23131
22079
23958
49865
71353
25428
40806
71879
44225
25820
42836
16641
40403
58235
15287
57931
28290
67908
60292
37398
71824
27463
36615
52723
42170
23822
30611
75220
43242
23142
61260
39129
36381
15337
22877
51871
62204
59458
35322
53706
38490
51144
25733
19880
58557
74361
23077
25677
26552
28901
27658
43443
38750
37756
71006
54213
35545
76908
48286
26832
52707
47340
46885
16872
46131
30247
26393
61995
21763
47510
31919
77651
28053
33874
48381
29753
56321
22491
28571
22618
58027
63382
26741
30197
27711
58552
44401
25894
43589
20551
78605
50511
53877
62876
33385
55158
40270
47782
52675
74149
54613
28964
46209
54160
31112
55509
51171
39647
36765
64184
18956
85890
58636
21006
49289
33964
70223
51123
45942
62114
32738
30839
19882
11755
25194
49637
42762
40793
59781
65410
26641
48271
41342
48445
47135
27379
67778
77735
7261
60267
39579
32462
12184
30954
43452
47426
62852
22095
25524
30047
41480
26424
63054
44208
24185
55523
35840
83370
72872
30522
39362
27662
19024
49585
28634
20489
48837
21199
22897
37911
51346
57274
56863
59013
22569
39427
28070
43774
57839
61801
69562
42917
58893
35675
13464
36303
53930
50711
52516
33440
28010
41561
62625
41433
37477
34803
42825
17010
43016
45151
14000
33735
23948
56877
74137
11814
40722
37792
39065
40000
52135
44105
47633
12687
54622
43141
29486
45958
38666
20856
27274
44324
20228
49975
55455
71995
23808
33335
46204
52486
31141
49846
49431
32705
34602
38002
24932
56794
28533
18437
26559
72474
18637
20307
19730
25194
40142
43603
22499
37065
64898
15894
56857
42255
41450
56445
41649
43135
58440
38705
30360
45983
62439
32264
18269
35265
62023
25617
74306
25298
29622
61858
68866
43185
20845
53197
36347
14200
26533
55429
41022
33687
34353
26186
38124
27040
35912
32831
26783
22652
17749
41083
49688
21640
60429
25533
25685
42117
42951
37901
43720
48873
32967
39942
43995
75882
22615
40509
39629
60754
49637
40645
68807
73011
28880
48953
21587
19302
33361
12811
46945
29239
27356
16567
36373
39732
16497
63846
19259
13953
29571
45464
16506
48312
54049
52607
52370
40573
30767
18305
40648
31538
20573
57566
36784
40624
59672
31499
27422
39336
54030
14508
52339
37380
29917
51736
65135
17426
61775
28115
64888
43625
57215
45531
79986
38513
42090
60142
21125
47256
56912
57531
45152
27815
57801
47008
28046
48561
44734
72049
32664
49521
17190
58632
26610
28468
28469
31794
16347
27351
25186
30571
25157
53104
49906
36889
26188
21797
57179
19785
64003
37013
48395
70642
63824
43071
53623
14457
62041
54604
21628
53579
50795
67870
41231
30913
29114
65283
42777
20874
21944
26007
23799
52416
61356
31026
40210
51817
44955
40234
32755
47899
62971
55949
20358
59176
28271
32464
19473
22863
21878
53742
54885
81421
57869
56972
24968
21941
45643
85417
51972
50452
48903
39563
25263
35755
47506
41401
18156
40091
43955
33637
60111
30530
17238
20470
59935
58675
39132
37839
30190
19220
25001
12743
46578
60082
61423
53195
31894
27907
49299
35325
46294
38221
39658
51768
32987
29619
45346
42593
57940
20655
30441
44747
62115
38370
49577
27979
49267
48963
17595
22114
45226
24430
41836
55230
36666
39911
42065
61918
22091
28315
31242
28764
28666
31562
25076
37228
25262
70322
52437
56365
38330
29217
54643
37605
22013
33458
45216
57838
32579
19710
32394
25606
45803
39261
24329
13039
41438
59414
23156
41237
36957
65241
53891
44783
24480
37445
28998
52795
40088
18808
46219
39795
35536
64380
23141
37111
23524
54665
39989
27324
23647
62466
54104
54161
36799
56607
45221
52928
40046
45449
49360
58652
30392
58344
55251
39597
59193
44823
61724
22760
57281
13409
45864
30919
56094
27670
66525
65959
40212
42029
61990
27650
32150
25460
60202
29311
12268
54283
46572
17117
71667
24660
19483
29435
67445
35159
36958
36004
42631
6341
57265
41110
43093
21197
54555
48057
29066
62737
70608
43997
47908
32435
50125
55106
26350
49135
54929
41577
31424
27927
55761
29680
61329
22713
48504
43538
40374
88342
40839
58607
42972
52365
54444
43377
58825
47352
33766
34405
62744
35698
27701
38221
67606
34837
26378
50342
38801
17837
39212
21130
61676
54390
34921
43538
49220
36312
62338
37953
23185
77350
27711
33053
64844
65448
24211
36632
39432
24860
68535
60176
23654
31127
42702
36667
35536
61695
50769
29228
35581
47501
8657
39081
19971
45243
42680
41530
43734
35215
28695
57165
64391
38262
41726
32205
47725
21991
41764
44951
26330
19631
37649
52180
39519
36517
34230
21851
21471
30565
63411
19613
39585
31596
39362
19916
45136
30425
54274
37335
33706
24069
22939
50731
59523
27795
64045
31175
54832
28787
22203
39499
55978
22272
24251
31756
39530
35146
19599
45460
44648
40161
59930
35868
48973
42243
47007
21644
49203
35824
37252
53667
49653
49329
44881
55674
27068
42430
46338
37901
40662
33346
26982
53709
55511
34578
49364
77679
33144
53352
60485
53753
26952
54953
68997
39654
44743
38454
31175
21694
27536
28452
18728
24883
31019
66928
44753
39817
27942
65583
37270
34321
71538
51506
68350
22124
79448
41005
39572
31508
59702
47543
54572
52746
43379
49613
40941
20671
59439
35375
41764
35406
27953
68159
40426
26472
26468
58998
40371
59636
26529
31904
47941
54247
45418
22443
47538
52385
63922
53902
32605
25853
39702
41601
37937
62717
19635
41517
38715
31259
27732
23195
20371
46502
20180
51486
26541
40568
69090
19623
41786
52805
31867
21681
36529
27082
48617
29719
53993
49936
43107
48523
51504
19733
52974
51320
30324
21397
51325
40922
42086
22743
36684
20269
53819
50328
39798
21030
26633
56289
72929
42631
26017
72898
41050
24130
39467
60696
63957
54213
23809
61856
13659
21229
20963
20818
70296
25590
30770
35066
54099
34025
40609
37518
33584
19654
61119
14779
26876
72228
26729
35416
16830
77665
34973
57457
40358
68229
22127
37889
40169
44836
18858
41648
41830
39115
33287
27166
23593
53705
25489
32493
41133
66808
52813
59762
29494
21377
67039
61943
17367
48238
62596
21998
33088
37055
37692
41478
37743
25940
35972
37738
19740
19171
49759
27619
36793
42360
65885
31194
38631
68154
46725
52413
35277
35078
51370
41116
49791
54968
53683
26579
49712
40109
58790
60985
47631
31255
58568
55270
41645
40189
27418
63431
45730
39870
56608
26471
73201
32833
43661
37123
32231
29410
57292
28987
44989
43064
42397
47189
49126
59420
33724
33471
18388
50329
58906
47257
37672
32214
62271
52670
23184
29832
48269
54103
36782
63194
53137
9122
42386
22207
47915
45804
46557
47775
45745
47150
17919
82880
54351
60228
34506
69576
33586
54539
40285
37569
53525
65870
34090
41670
47993
40649
54807
59107
36197
58141
42980
36325
37783
24976
38179
45068
39911
40631
30340
43536
29325
26438
57778
43411
43599
58019
37433
52491
59210
30167
24807
36377
28292
51948
30958
22138
46888
23720
22154
42386
33478
18986
31903
26560
42149
24819
43458
43190
53565
44395
42050
46240
36093
39173
38644
56532
48817
28578
33605
19148
20322
47415
24333
39129
38748
48011
44306
60377
42062
46520
37282
16178
45289
36209
34946
30154
56961
45449
36016
30363
34214
43598
57808
24717
34055
35809
34903
71528
80161
31642
47518
31165
37908
54375
57357
47146
6953
31286
21428
28909
16384
59719
63213
27944
17374
46196
23993
43512
33164
24047
63852
39177
43104
50128
41439
48805
21679
26855
39423
28933
41542
28120
30526
10298
51453
27394
71958
29278
83198
44931
53439
59475
44179
29049
55280
28917
41031
41925
56893
43377
42556
23089
18593
41120
32001
46557
40215
50607
39971
26520
28085
46717
37654
50070
31971
37090
66981
68206
10648
39954
21038
44836
19690
19525
32038
18868
43633
32204
41626
24645
24394
26775
61734
43972
36239
45581
42402
24814
17112
50964
40403
20245
51833
58693
59582
26322
45848
31383
31082
47749
24302
22479
78811
34480
39022
27408
32511
41995
28362
30428
59991
14358
69027
50890
28284
25056
37624
28619
42856
32910
20250
59037
47742
57613
45827
19937
41363
50696
45945
28926
62518
45390
13457
74533
29227
61201
20461
54574
23098
26052
50504
29083
46900
19426
69263
66718
35731
66581
34100
57489
48721
20712
25491
26779
35328
46978
27449
58912
23140
32587
51065
53451
39615
17017
51874
45505
51149
31631
25318
28472
58172
40456
57840
44691
53941
31114
20154
19687
40763
54424
61601
27227
77272
46052
33278
48366
29093
17920
68567
29609
32377
34701
39710
54539
29053
37941
35438
29277
51856
19609
41146
25291
65378
35042
60711
36713
68707
68891
18927
43998
20550
25889
20343
18014
42632
62663
29701
43291
22005
46918
39386
45152
36565
44997
46765
56846
33646
38050
48095
58216
27338
37781
36291
38864
27390
39416
41287
31829
32556
48933
35704
61418
64964
19929
25767
28945
52744
35237
38971
46560
29916
58548
31016
43798
81469
65265
15930
46270
61073
43714
35453
31973
26376
31886
65601
38769
34597
39120
16651
43546
40304
58391
32517
31946
31342
19368
37708
68102
33799
19845
38238
46023
69836
25873
22015
26053
63111
22795
16834
57167
39821
37215
30444
31784
61111
82754
33463
18820
59489
34540
72641
38121
58683
17911
20346
60277
47100
46167
13391
39281
40092
35498
45757
38149
36454
21194
52447
54405
30645
52498
56947
37524
37909
39458
27552
26459
67038
56294
21290
59593
37531
48861
49331
13903
28771
24426
33217
28111
27375
30958
23300
45759
50772
42997
47350
35119
56418
58995
60885
42960
20675
39896
16569
43349
37312
37944
18495
38126
46204
41124
67996
33088
69895
56609
50340
48722
58511
41472
36302
47065
47469
57271
25945
57327
51930
49996
63299
22956
35145
46529
49300
29513
24458
14849
51854
22903
27435
25331
57233
62842
31427
12891
53466
61128
64703
34224
40832
45903
46703
55709
68167
57316
24362
44931
45172
41605
44848
39909
66768
19260
30248
57156
21499
28724
50039
40303
52401
27968
24291
35015
48206
53178
25105
41754
42800
42866
25781
39737
21985
15800
41980
53514
54979
52683
60378
63623
31818
60775
33051
48189
61364
41258
37372
46806
16143
43622
31960
68990
42233
11489
40375
33638
60973
56844
45297
64343
17935
48217
25847
44003
45919
59750
26902
25108
31203
67383
22475
64520
43771
30157
58828
31429
21639
19466
9075
54964
53080
19002
41435
61125
17762
51783
76659
29245
29850
22056
55142
55382
23988
76799
30551
61592
62342
23200
59496
43382
25440
51397
30575
43018
86859
56117
45061
42602
25474
29430
50997
45101
38600
25870
76609
58387
36209
36435
50228
43670
57652
35782
41077
61424
30330
48235
38958
22018
87594
22418
27360
37584
34145
36430
36432
44114
41065
65074
21901
40992
29357
48226
59647
18387
39262
29704
16921
26568
52800
53735
9261
50979
35305
34998
17671
39502
46940
29825
42921
20218
54429
46409
35859
39653
54575
43736
42231
32501
30476
63533
23636
38990
41797
39661
47950
41352
49688
70318
32816
30460
38021
33211
29909
33912
52090
45779
29101
34277
33039
56360
61331
36931
53257
40041
17569
48590
56004
44791
36339
49580
61718
55775
28861
25049
54287
41002
61425
55044
46184
42212
61920
24307
21495
54510
25600
29648
55620
58898
38897
40827
16999
39101
19881
47927
70179
51505
41516
41780
24304
64681
54880
22818
69357
23080
40672
25597
37205
69041
44354
25193
18890
15281
29808
30191
39770
62092
43220
47985
20332
38771
34160
25046
18953
23192
42910
45214
47459
25875
39714
36095
39186
39714
46588
46691
27469
25876
20636
50564
46152
50966
17423
37973
26644
44690
57329
44349
64197
35518
34907
68322
64389
49528
29436
61555
44397
42069
68741
62138
54973
55624
53397
53324
52808
31236
22645
46462
42144
18638
31242
23042
44003
22710
46019
48614
27289
57749
63858
39925
64016
36491
15264
31123
42138
51810
22368
21015
35046
45870
18947
36660
38770
37357
55998
50322
33440
53514
43743
65065
30017
54499
40761
70616
38535
56101
73532
62691
45605
53564
57744
25939
43765
39063
73875
64967
73594
54091
60134
62789
40286
22511
45979
39966
44202
55255
56134
52220
63241
72073
32242
51923
45388
80480
51320
25692
48690
47189
37001
33987
51653
39723
62515
48465
31892
32404
42972
53390
50601
38451
72390
50998
38566
46599
63579
53335
33237
41731
53308
49144
41515
44710
46177
62233
32673
56909
44108
18232
63112
53487
48755
35705
37374
57971
45693
55653
40401
29805
39243
54069
45369
74118
49788
32418
38709
51865
52366
19286
47914
20756
36926
22383
26851
16315
21139
27066
25426
29710
45685
20581
33618
50894
51820
40152
44548
45859
66168
21083
61693
18458
24575
25436
23601
30030
51253
26849
50529
53244
33155
55104
16558
57450
48126
44529
29184
46216
39724
28945
32419
16338
12264
38941
42539
68799
61567
13715
25065
58811
30253
25903
20521
33671
28122
44678
21447
31604
39404
24392
46071
31312
41446
82030
19556
48552
19344
47697
64771
48707
68245
66489
15573
33790
53844
56965
50554
51195
29110
30115
69781
71179
49059
32584
25767
64142
28523
28522
27125
82077
19254
20913
29222
24640
22221
30684
23987
28576
17417
63905
21842
61997
23788
27435
45468
23954
43165
42845
51331
69106
41381
43699
38270
17753
58541
19760
60876
30105
37895
73026
41808
36209
45075
49525
52056
30658
60609
24348
62227
21649
26344
37518
54246
30165
50093
35665
29649
27502
43173
51314
41800
46141
70576
37153
40847
35991
18165
38949
36748
29910
47205
35142
27524
27919
63474
53187
69640
26709
25074
28670
38562
21675
25930
53466
56948
20152
48302
58305
44214
68454
21587
14910
70932
24975
47889
36570
56339
27320
44525
20294
64914
25397
20261
43380
22282
38915
39076
22488
42571
48449
33429
18326
27110
20662
39399
49395
22081
62883
30397
47305
57193
64459
39973
39218
50808
40325
58182
75403
50754
33649
24279
40352
43784
57693
44618
56435
31374
18671
42195
34496
60899
29088
43452
34962
13408
33046
62949
28752
15227
39461
17641
62395
62328
32173
40628
32515
47292
26412
39478
56552
34378
51592
66451
21718
30111
27796
29964
36976
34921
28880
58247
44453
46078
56467
29501
17061
15229
40880
54236
47809
22007
31865
62009
26175
58563
46002
55189
49575
57692
28985
17610
22109
56600
17916
27429
16888
44284
74089
63698
45870
56185
70875
29497
16493
20043
30303
16205
51440
48859
41864
25713
18425
22291
48166
54656
56230
29308
20296
62608
12205
40255
27785
56321
33538
32854
40800
36586
45215
38288
34350
32721
22614
24152
42959
24365
27152
52712
27504
54019
59759
53436
28477
65643
26581
13235
60108
33586
18870
76171
51459
22817
20535
46221
13987
56824
39988
53162
36104
48211
32407
62679
76004
45030
42240
42908
42980
45961
53358
46804
47707
26058
23152
25363
21898
23738
24535
49501
46193
46098
41464
43907
45739
27787
32443
50005
42294
52633
24628
76799
27025
32212
54957
26976
26784
66594
53194
35708
23989
28497
31053
33672
31533
26964
41836
27875
56228
15169
66677
49398
26259
41956
40995
33634
22190
56684
36831
48817
28798
22723
31477
59626
45287
47900
27566
61246
44264
40361
51964
23908
19696
52551
67655
30914
27910
12721
24235
43666
48956
36861
58846
32097
41873
55031
26664
30937
33774
43380
68025
33081
46988
24584
53950
27002
45861
49752
19556
64332
40542
47410
21787
27402
40955
46617
23925
47137
14822
35420
21044
64851
28231
23115
57203
19761
30121
57213
25349
63797
29898
29951
41714
19683
26258
33275
35349
27513
36429
59185
38159
26507
41467
40226
44795
39327
53961
56310
43884
25379
26997
50346
23708
30347
37594
30974
44550
34685
44841
49380
40143
32966
20312
54879
66803
67070
51917
47213
63463
63381
25071
23212
47010
67038
34999
83270
27170
35739
34448
31373
19233
57953
36609
31490
54368
29776
50200
26233
31479
40594
55824
27483
34577
22592
28608
51134
29088
58865
25267
24773
57384
56551
26008
63993
20708
51881
27413
43185
39893
15144
40889
46707
75510
45695
45510
53843
35670
26432
40195
65231
51675
41657
32196
67376
41668
19278
45721
79151
49133
46321
42309
40559
54067
36281
54668
44626
32415
14176
62031
47684
56794
49406
21862
58735
46331
20518
67719
23056
15454
55452
35803
27610
37924
78187
42222
32703
64041
27107
41925
62199
28056
24914
38702
25573
44957
46116
41761
78196
74214
15570
27459
42843
52749
24117
48620
34269
39025
36733
68002
33959
51825
28817
47959
29995
25553
59346
78997
23072
60408
29076
60677
45166
22657
29811
33147
28048
43294
21451
46576
21495
16420
21177
63512
24609
45490
50761
17845
34253
52826
56646
36921
32157
42907
21015
50717
24009
34031
43294
24928
17753
17369
33209
47151
77407
27339
39643
28196
72936
29856
31849
24619
64352
18619
45382
41758
56160
22308
26990
42432
44829
44804
71086
18011
78053
54422
19776
35609
24138
25738
37833
45006
27836
45185
26705
39106
45617
42031
44638
59594
35112
49229
40435
36698
49083
58523
41725
39928
46074
51649
63914
60595
27279
72515
47266
94699
60288
30220
57909
44638
25462
16912
24275
42390
57474
25865
34191
34373
51315
22602
48202
38164
30266
47371
24773
53497
19409
28986
27684
54706
31925
33683
33948
29901
30314
25002
40394
53016
54753
58316
23486
22581
14019
42158
70264
58493
31004
31495
40221
44670
40283
21029
39080
44822
55993
39500
61981
34756
60490
34859
51674
38879
53811
45212
51014
20985
38687
32419
45493
36526
23847
65517
52808
23076
22456
23825
34789
33531
17129
22231
20340
15289
56982
23652
14405
28708
25134
41881
34489
61443
30483
56016
42578
18842
55117
42165
69447
58418
41932
51677
37996
36802
18273
45639
25706
13141
48823
56353
56647
35687
63603
38984
16434
31318
43679
25022
65543
68638
45614
31996
41548
42938
20879
27986
22592
31046
40966
29416
54872
23183
47691
47339
59126
21351
41768
65141
53886
52953
37450
55763
38441
28743
22145
42951
45467
55789
42086
29104
41022
24097
49536
32255
21250
19812
16519
14561
16552
45035
33153
50463
45474
49479
47081
51698
23045
67529
42366
41720
28166
63534
47851
58869
63993
60872
46193
46442
21289
65007
63440
34122
32331
29640
22454
68228
24901
14535
50090
47777
48477
18356
65999
30795
36462
34559
47880
26020
39190
30449
25770
21841
37429
41385
44257
57055
58129
26183
51656
49529
46434
73587
30362
18988
27313
57975
20663
18165
38282
61454
21591
16224
46612
41118
62982
32821
52400
47423
54009
34352
28166
67472
35262
27366
26538
31801
25443
27543
45472
29515
21348
35566
40670
25721
27125
25242
58306
46735
23240
34203
58781
29776
34812
35492
60608
41920
25930
19239
51239
31565
29507
25852
55241
55602
34636
46091
47027
55949
31604
41281
33837
45814
64838
48460
32108
33745
40777
30625
21485
15515
47122
21277
43458
52422
41307
49618
18217
18292
37731
41265
12442
45541
34818
13508
41400
40273
60351
42184
28947
23518
36813
38905
60259
35150
42863
36088
50663
41174
31046
32082
42019
36874
52650
42880
57232
48758
45125
60641
22929
65636
56740
26862
42644
52125
48254
36467
52794
43778
35270
44448
27248
58409
40818
29090
24951
31533
57755
31686
52919
42688
52952
39640
40975
46085
30398
37233
32509
43560
19963
16659
47995
30365
23885
30676
38776
34232
38560
33305
25102
38553
31645
46063
32511
44571
42899
20509
19153
57560
21712
19916
65466
56368
40659
34474
36086
42242
44397
31732
9614
36362
69745
55096
58695
48997
28074
23170
46231
55897
23773
21767
24858
38603
18822
56769
59651
51785
80183
19297
23864
74857
16036
33415
48071
30466
37578
44868
35810
55898
40328
43370
52851
62909
69673
23693
43110
20594
35667
45155
22057
56982
50778
26729
37636
34893
42592
51944
51804
52452
44915
36719
66173
53826
36283
31201
40251
26488
44469
23564
79466
44214
30096
59913
35638
37356
42887
60211
37177
51836
37517
58836
19075
52762
49611
67071
24666
49982
41233
26086
75339
46287
29614
44908
67855
27943
46191
37357
17794
56938
48894
17868
32257
17179
35048
26044
18076
54155
21572
18688
45984
58254
65032
28952
25852
33796
59813
40392
24963
29674
54134
36590
73997
66215
42943
23698
67427
45185
46380
23648
31465
35900
59167
41236
56954
27941
20211
31149
40953
46894
26685
34203
60536
52645
45260
47713
16698
50686
48724
53022
34638
31216
33175
47903
39592
57117
64981
58018
31532
47745
55786
14783
50365
60984
30628
42960
47909
75384
55686
14195
41594
21643
51021
71370
62387
16932
36092
63490
24782
61129
23764
49299
39301
33791
28976
59203
52793
40546
38305
38929
25887
66044
37461
56567
27520
67368
45986
30776
21882
34681
51465
30989
33032
47196
30251
57143
38889
45364
77975
37015
46053
20485
46609
19770
27029
19862
15956
28230
58356
27521
15201
31825
21322
26556
28231
29029
40796
50484
50290
40184
21555
37404
70512
65607
18779
25094
37067
32839
22412
25005
53255
50719
48579
33472
17372
26110
34608
43718
40282
29580
28851
40500
46409
23933
60903
57557
98283
41526
70763
88101
35349
20490
66318
30455
30117
67365
63796
30468
53866
50495
35890
19607
41364
60444
25431
46325
57954
35472
70986
34627
17612
41383
24000
19061
23877
50539
37210
35360
36543
23667
66121
55552
36241
12016
14335
26134
35243
27664
46034
22680
47363
50621
54978
33644
25575
45461
41601
44039
40847
29705
58835
45766
31412
28025
57589
60836
37078
34992
67580
52590
32490
58418
52334
48610
45889
36723
39424
22491
40895
62131
61418
26625
36814
63709
29162
21311
23407
53173
32774
26391
29188
23009
19021
30654
55950
40884
56254
64946
72338
56194
54801
60944
41738
83316
40061
25948
23883
48337
35563
38735
31483
20653
44900
50456
39827
56369
28113
62964
55371
45916
23157
56466
17833
21595
75804
31814
38969
72501
31039
68535
33265
29776
33176
20596
52001
85776
35654
45247
44267
63570
30845
56413
39879
45256
56983
28771
34014
28957
34830
73725
42024
67951
43614
47220
13420
41988
43682
60388
22101
43642
16550
49235
25468
37385
50289
26747
26408
52435
27572
23825
20357
21835
48145
12867
43152
23919
36070
26392
58926
24734
30945
28643
32619
68146
48595
34101
34297
56683
45031
40176
20341
33766
59305
38713
22580
52404
36689
47843
30147
63377
48505
28396
52318
18414
47206
35556
49327
51478
23615
33515
37094
60510
26869
15722
38758
49777
27784
33414
46799
50908
32952
50377
62448
61248
60881
30647
48130
29126
47376
27007
73371
25972
38191
61261
37796
35011
23701
34075
25222
55085
23775
59569
41190
23919
48213
24420
35017
37990
72396
24517
57644
27298
20839
49388
60893
14412
39114
65413
33738
25436
17103
33215
28066
36762
33768
18056
23166
37970
30869
64922
34672
27109
50752
64536
28483
27897
46342
25558
51815
51592
19692
45277
60159
37358
45596
50966
50599
56547
27211
22935
37926
50000
28011
28615
46387
28438
23571
36783
44006
38089
50232
31310
28401
31601
21491
26524
35409
17601
13368
37127
27422
20068
24220
59857
34549
65241
41468
58487
37909
33253
25774
29077
33749
57046
20522
45316
39845
36235
74026
45497
18343
32831
45559
57825
19790
24110
44733
33429
17273
21455
21085
32093
58860
18983
28279
37954
50270
37924
73275
27319
20966
24975
19359
19930
46825
40197
40008
53583
32283
70253
42412
37519
46084
26061
51943
26977
51879
47132
25384
44804
20329
27835
26702
67304
58039
47299
58471
26863
41472
20618
42041
42092
50803
37466
38207
35336
22033
64809
79070
26060
21974
32907
37371
28859
52562
58682
38662
17866
29234
58310
45661
30620
32333
24757
58010
49534
31196
56585
30129
69353
73899
31324
65944
64989
61360
41818
38708
16283
49583
21703
30009
13862
26699
26972
73131
46638
25358
29535
43686
40455
52048
23781
38166
16817
36739
31765
15815
50562
24445
19321
27594
56258
63990
36490
26961
65350
61741
14879
70039
38826
23470
83237
37946
47722
35740
19904
29794
41472
23058
33082
47618
56883
49512
39920
43058
42348
19418
25708
23507
19355
25048
44850
41260
22020
40416
43970
47251
39995
65443
24985
35178
47630
66444
30609
36151
24731
48841
48704
21602
30154
60439
38946
40688
35305
39275
57221
63332
51288
61145
39118
30247
36815
47903
18185
26834
51953
50939
58918
57451
28238
36810
18059
22585
62796
42602
18596
56136
14260
39085
37037
16536
71026
44361
29351
18174
30432
55640
17880
33661
40203
32640
25527
21626
32444
33959
71337
66483
27765
18392
43720
35555
43372
34918
34091
41192
40562
23406
13256
24066
40972
21951
68138
44947
53569
38361
22268
32934
32709
66455
43147
22125
54418
15596
33696
25201
23946
52862
19761
34494
27115
43640
42191
29679
42162
40384
31023
28283
21419
23648
55894
58073
41109
59045
32681
52098
52199
70405
23869
54673
29050
36549
64614
32558
31837
42766
40757
20478
22024
65289
24254
63418
16222
51181
53694
31753
18468
21720
52487
19988
23830
61517
31109
33668
20181
32456
48453
39470
40960
21137
41021
57062
33290
55465
45268
34615
85731
49000
65971
48976
40041
28980
56289
39174
43312
29626
37136
29986
59609
33716
37279
82556
44995
22346
55751
25144
24730
56209
26369
48325
49379
56656
32505
48952
17629
54990
29103
41228
66523
60813
26163
29249
51612
38588
45358
74434
32529
44807
39160
26245
48952
51520
37763
24575
26847
47249
21956
22884
13587
86269
44417
14950
13807
28123
14228
39458
27446
29529
48100
56002
45047
60299
26329
43452
49620
31028
31646
27080
38654
36196
27988
28723
14214
38781
38099
12317
34398
38190
43805
9730
42947
65255
55626
38879
43666
52704
43901
28596
24157
57533
28432
63166
25985
44415
62397
59815
46161
52525
45256
27423
55715
66592
13044
39248
63916
12987
56625
64041
51212
61185
40384
35566
21820
41865
40157
70767
42371
47306
45210
54767
69246
36819
65947
37286
56905
30305
46214
41148
45661
50672
50266
46977
61088
35188
62227
24206
17721
34079
24506
31196
53451
24358
67981
43493
12763
46142
53467
40321
52529
62794
52325
52779
57701
63911
23346
21881
44999
58216
50262
63654
41200
25570
23028
19668
56795
48109
44294
24751
23911
19663
20430
51715
36313
30612
16176
74360
40265
30597
79310
27483
50501
65542
32572
31461
28646
39983
50490
41715
21664
44526
46854
34350
46856
48401
26651
28335
37075
29369
57284
39912
27090
34134
51659
38593
18784
24412
54106
50346
30371
65185
47256
31118
46621
62007
53049
13329
31418
57944
30665
42067
18850
33282
59457
48202
14429
65605
21719
52892
21537
46927
29311
45872
60780
47835
34688
61083
44478
62680
46417
56724
32391
64713
36818
57337
56522
56649
86371
85701
40487
62607
57928
45707
41718
47545
33438
49663
61112
39104
36353
63227
25562
20315
24222
46959
29211
58310
30225
69876
25299
67268
19775
38562
29809
23722
50040
36775
25063
42131
21788
50343
19420
28297
49471
59236
44682
20893
41013
12126
16131
16767
22161
44222
10926
26765
71842
24934
24846
61368
43465
31289
47224
47508
27917
42161
70270
58804
38495
21127
57755
54627
58945
29901
36746
40204
46858
28546
67148
26723
60783
48589
40102
70562
29524
20008
52154
43135
34422
13580
16379
29914
30765
32841
48358
72393
67100
35784
31533
52915
40677
59387
42670
15777
52083
54243
37462
54695
44441
23230
59985
44046
61514
60918
21143
60174
18789
48973
38099
50513
46212
51772
45803
53553
60440
44018
35414
72179
36647
22428
26962
38337
19462
40049
57249
39638
40170
37469
67668
53491
23499
26870
68345
22760
15635
23002
18755
64565
28968
52578
34879
45420
51950
42890
39512
18822
53512
30049
36962
25161
58166
65740
46665
34864
63278
46964
45203
29520
40943
27859
23003
59817
24330
40189
18643
30487
37285
18702
18291
20521
40339
49738
57503
57645
46885
34352
34667
23798
89366
97270
51713
61486
54423
39377
25407
65903
42600
38511
54671
51378
44274
25931
54439
31651
55394
37894
50118
41694
66763
32513
33803
32009
51371
58206
32454
60304
26898
49786
17452
61249
58578
60578
32049
40177
62957
35533
66331
62387
66761
37842
39156
23166
58841
44276
40067
49691
34506
45984
26521
22961
69375
18588
12940
22599
52329
15589
37240
16411
36300
23582
17151
62136
47708
35162
28437
39960
54295
54522
20159
61830
30883
57312
25870
57949
48127
56262
35193
25686
45488
53981
52485
54526
34686
35056
18835
51206
54090
43035
73278
24424
28915
23872
24924
32444
28852
23554
43686
42974
61302
46473
29896
44573
55247
59665
19217
76590
50796
47905
40020
54302
16039
67321
51966
36476
36332
45371
32964
18081
37684
27621
42161
25601
39795
18973
66551
32928
14771
23772
69596
21621
31636
29574
27721
44722
39357
32307
60674
58792
23014
34188
57042
41629
48578
44615
48429
44751
51030
23271
48714
28650
58153
46548
62948
20240
31395
23638
38366
42172
58780
42987
56147
57236
19511
47560
24855
49026
43107
57132
35676
37896
70800
40480
45668
55894
27104
51725
18653
56070
33859
20161
49954
44678
39035
34552
42168
34738
27310
32748
54829
61533
58100
24495
38059
38268
38194
14144
26791
52989
52849
51953
41687
61631
49047
62543
46643
59427
29323
40930
34917
63787
29845
22063
34028
58218
51357
31344
53479
32256
41137
44663
48806
50928
47277
38316
47217
25682
23561
34437
26898
41931
36866
22264
72543
32205
58301
27202
45721
47324
23139
48578
58133
65318
47570
61026
54377
56183
42235
44249
35907
34555
44488
38420
26778
49902
52423
46509
57477
45617
51122
55488
43778
43012
37814
55548
62490
35157
56472
47236
38428
44232
37264
53730
59864
46817
43574
35626
58585
41825
50858
40768
34019
42877
46983
45922
56187
29616
45744
40099
79295
41390
52826
50307
38295
65774
46793
37654
36069
46904
38309
48056
35271
48486
17978
21881
48009
31957
52117
45381
24778
58295
47157
38549
30568
31346
36421
63337
23568
31579
57134
69272
71958
33919
55554
50219
58053
41526
35094
25698
60091
47770
49050
28314
13603
53081
32005
32139
22981
51149
41034
55576
61653
28109
18631
19189
33131
44177
27077
17051
34590
59674
60259
56692
45990
55386
33368
22297
36422
62961
26638
43109
66501
63715
28738
48162
35581
33098
46299
50269
44192
64155
54299
40164
43648
61116
50659
43138
39952
22309
44508
46858
64368
39566
45786
53068
68446
48563
34023
46682
64441
44855
28222
41858
44265
27710
38690
31731
39989
49844
22208
26330
24850
23200
60036
60474
23229
66539
30083
47171
48767
31322
47090
27257
42640
44260
40554
18045
53535
39265
56089
28621
10095
50243
36711
31173
23533
61590
54135
69965
25929
44699
34730
40883
61305
50943
48886
31958
40511
62311
11553
15496
63535
61488
42580
18553
42936
23811
55028
28489
44207
60122
34436
46929
57592
36850
43249
37342
56078
20421
61336
59842
40094
60927
51324
39075
41394
57210
74148
34479
32207
37573
34181
46624
82470
60678
38106
36016
57461
33312
73190
29357
59268
38740
38559
65261
41102
69523
47277
44930
30289
32180
59948
31636
60208
27627
35641
55704
42896
29786
47768
16067
26815
50958
30303
69341
36015
58349
66363
31914
42518
46680
43980
22245
21867
28517
46573
49427
51769
22261
29506
54189
18608
31265
51902
46075
56699
53944
48705
37145
48303
27760
70037
23821
57748
13093
52250
51081
71095
40877
45846
22403
30123
26083
34343
51417
33321
68686
50835
31244
64024
53472
62106
64217
22976
51212
51678
65572
23022
45633
43747
33896
25030
51867
25700
33904
62029
21897
19490
51863
48132
55043
68353
65708
60958
53197
26611
23121
57409
53153
59495
60849
37363
40558
35466
28271
57550
47978
40935
62709
62764
39313
30532
47268
58264
27498
37322
51523
19683
44447
67015
29205
79367
72061
33283
55437
62545
30981
55998
29959
22022
21954
27389
20483
36006
44744
27437
43873
66600
54776
53635
46088
47287
29782
26841
17444
29037
64824
38030
45764
23523
29540
78046
27326
49965
45905
33335
51556
34795
26834
39719
21689
60628
19024
61706
38337
51830
22774
63479
23712
40842
49055
64997
28208
57132
60608
54282
52050
37337
27407
35994
47731
53911
48339
40119
54180
14602
22241
42423
30668
25628
64865
68703
25655
28733
35870
30439
62116
35395
39036
51551
46265
19017
20400
24688
32345
20321
23732
22422
29498
16294
47764
26879
31040
49011
23333
64544
34365
31658
35507
57125
56121
25181
54067
37782
50526
49552
61074
40958
49961
21832
59619
69987
28327
41442
66029
26761
31031
65993
41913
69273
41507
71542
51490
31650
58066
66224
57766
56369
35345
38830
50797
47608
63396
46558
57983
52517
35880
42995
18987
42740
40957
25267
26515
36258
38839
22679
61509
37359
67136
21792
30011
14590
35770
43039
23664
30807
28132
43240
29706
67005
46950
52857
43981
15707
56799
25692
34301
30918
52997
53193
38217
63387
53223
39351
23737
33172
48102
30521
59780
57707
59615
33795
58463
32633
43627
63119
27271
14629
65236
48211
18778
32486
15192
56049
52500
31005
57633
37676
38435
22097
27883
58525
58525
22418
41448
65062
46662
43412
43251
65225
41675
81269
52197
56718
30488
20602
57887
51950
52937
20531
37085
37366
19539
41791
38115
28603
23926
46389
34780
27667
66401
49753
29757
59562
44000
20108
26002
54479
17762
23614
24514
34496
40916
37261
33107
53812
30796
19892
62237
65316
45385
37452
64589
22710
55111
28512
40607
46578
58384
19405
63730
28754
43932
60417
22814
36510
28170
42468
67415
45403
53807
55628
58403
24040
45864
26464
59060
23615
25183
33510
44749
24107
18894
62518
57142
31010
32803
38410
24069
18490
11356
42915
61231
36539
39972
57062
60180
26859
29811
26378
55301
39388
34389
58902
44523
63476
19891
45672
41796
32630
59314
55253
50578
34958
53685
11627
45342
62668
38343
50640
27367
38219
18414
68304
33522
51395
49920
16564
44372
22470
27423
42680
44645
23295
56103
55568
38006
41019
30406
24910
20490
48413
54521
26523
56313
23478
36195
32682
42920
43762
25915
40380
52412
19278
31111
22237
18733
43860
52388
54127
23448
25670
34228
66534
40182
62496
34607
44695
34061
64120
28998
45157
57264
32468
29807
40226
25393
28020
53446
35308
70621
31693
45856
87832
11908
30366
46870
49297
54614
43385
25286
42756
33939
39597
51726
50806
50675
47587
18007
14909
36355
64214
24264
75707
26976
24854
33435
22756
53393
51796
12724
56535
33948
35387
29422
44001
35349
30340
47023
66091
34273
45908
17254
25737
52869
34778
59609
37749
21932
59472
52734
51470
38269
31039
68093
85241
29167
65736
42846
28219
29366
75939
32254
60552
47073
20129
25381
44404
79077
63367
37451
71862
65797
58397
17412
65716
42203
59654
46099
17166
58417
66554
7035
63030
28085
36634
12922
66130
31623
23879
31988
80272
21112
6742
32761
54282
54188
34040
44099
37479
29985
19409
85582
41343
35282
21397
53827
59600
42160
42436
19732
45649
37755
33019
54939
24895
62766
36629
20425
18846
24994
37140
57058
28022
54236
35898
30900
34311
55733
29668
28512
51354
65524
25029
20659
31749
40265
12676
24679
30850
85410
50063
39506
70255
61695
31661
72378
56632
48357
58942
40517
52388
24268
56309
40593
39151
41747
54189
43162
22471
23402
40510
31967
53652
19656
44737
39476
28889
35205
41956
17417
49607
22510
53144
33427
40287
58105
42172
47087
21259
57542
26226
34071
55797
17220
22287
19784
68843
51512
20191
24324
50879
54584
39022
25878
26151
29664
55766
50348
59461
37703
39495
62867
65238
18343
41718
57022
20779
62996
40782
31007
51037
41917
35469
30761
18647
67773
53917
43474
32289
56055
49855
28505
21413
25772
47760
35132
37555
32195
73488
38643
63089
39715
50046
17218
23342
60541
44856
35913
54710
56923
27690
29435
36822
28053
60725
15979
37555
27379
57755
21155
22903
39722
41468
44559
29572
50751
50539
11129
57258
14502
21229
39457
34567
18080
26324
32379
49335
52314
53841
27552
51987
34317
55866
14787
19564
37611
17092
36188
19722
28577
52514
32739
11442
38046
66525
23375
14764
21913
23078
22088
30347
58781
47924
54321
62888
27962
18776
67760
40253
66891
34356
68048
20399
19113
30778
32029
17458
26168
51887
73796
26706
33091
51714
21743
74414
15498
10038
48323
50554
51886
45318
57207
27947
81718
21173
54686
46954
23369
30101
52700
71815
29801
26051
75425
39435
53849
31983
34797
51527
60681
14999
46039
43286
20613
62120
59095
19197
19272
36932
47325
11818
32952
19490
55571
19052
43495
61873
36535
30651
46399
21836
31145
32629
45988
63230
59147
63960
15813
51834
23504
59772
42173
15456
38676
24261
21098
39439
31952
34896
27271
40332
24497
45163
38936
44271
57321
48375
28158
44807
53452
43181
22483
32973
37551
54396
59810
35816
43431
25134
19623
47986
38293
40509
33703
42433
57535
33785
58767
25461
54718
42068
31206
24007
42862
31158
34392
69915
33724
36989
43631
19387
34700
23457
26753
57005
58487
39953
49068
36584
14382
26151
60276
27999
58815
45096
46197
33906
54978
66604
29336
49646
56409
46345
55299
58551
63636
57806
15886
16800
32632
41621
14190
18233
43097
19992
14290
50938
38642
42499
19106
27703
47413
15907
44332
61860
42262
19949
34380
45227
28024
22515
62624
67465
25698
34279
45866
23092
52777
63367
47092
31204
27247
73527
56973
35788
34859
28044
28582
22410
53448
28909
60944
20496
31400
30371
23651
56946
82646
45535
43519
26208
68061
62789
32230
62269
47452
30078
55140
54588
55806
46291
22459
33821
36295
51634
51521
43805
61364
28814
51853
75351
56305
33465
40567
41960
55129
37118
37002
49838
19279
26149
19383
54418
30509
31643
39008
56660
31904
41781
23890
52378
49755
43409
51266
18439
22866
66267
22552
75150
37639
68029
37327
37800
56741
30958
31670
64672
39217
25135
48191
37429
10966
27209
39063
60705
25829
43914
33134
35212
41012
61763
39077
20763
47968
38317
28205
34112
39324
34168
36492
32380
45489
42496
22225
26385
26220
43815
31773
71527
48494
61514
42203
33972
44090
31918
35461
44347
19474
29529
28443
40653
20165
33920
48598
53631
28845
64779
52446
48946
23124
60094
47934
50365
23582
41243
24206
33994
22008
52999
60297
56613
57467
41801
48113
53368
39915
40431
32796
46551
23543
37195
32637
60731
28019
20215
22704
55874
26327
44381
21400
35156
47536
60187
54046
41039
55819
34094
64817
48873
35831
58557
32103
42677
43933
93074
56345
57047
31226
70147
44289
80609
38485
65231
43371
56300
22024
18265
62524
59002
35779
39252
28493
52308
26645
57958
20657
44091
53489
38306
43000
10795
19403
62697
49909
43673
22101
28693
33098
62288
34341
32899
41572
69475
26512
72205
42360
26914
24956
52516
61656
8279
32303
39938
28846
56168
58237
61679
35382
20207
35637
91057
36295
42280
33994
37351
19876
22435
52508
19639
31301
61797
50891
41382
37679
52330
33433
22404
27935
29233
27260
28147
29161
22907
29398
53062
65812
23805
28916
30535
54189
28572
52913
58939
45681
19080
60427
46337
38370
34967
61799
27195
21743
61306
38617
26426
60871
25664
29739
52927
20798
60279
64992
12949
21427
15816
34155
52600
35530
8265
32756
38064
55616
27639
24444
47603
51778
15560
29888
38408
21511
26843
25819
66787
15763
48853
15479
63893
63466
41089
24964
52138
50829
17718
8442
60485
51224
16836
32514
37670
28367
66648
43846
10096
36576
20427
42667
39815
64918
26367
29313
44121
23400
14632
28695
54954
28855
52420
28681
47537
39693
39733
18074
21677
20814
63188
21735
80251
46338
33714
23972
63190
35728
24640
45690
48327
6576
82666
54549
21350
29564
57796
25382
41208
25524
81340
42662
20718
50096
42720
38259
39611
33657
35229
43810
43349
54744
59763
58239
38643
21196
41194
27395
43322
23951
33980
75116
27657
47957
48410
48542
56017
52419
41822
20590
29846
65632
49823
40589
30738
24819
34987
47431
34829
50185
51223
48100
27452
60324
20291
21681
54985
22181
41077
32739
41228
23886
29416
23513
17449
44743
60630
34239
62140
21999
50900
75108
41970
40513
60656
35774
33115
47931
75575
30198
42980
43817
29849
40773
58956
65330
66717
20776
49270
42687
31033
76810
12311
21142
33613
30049
33272
37537
61784
39317
57425
34864
30735
38201
38344
25275
68588
29275
32575
63389
23188
21158
19412
57918
25770
60307
36621
37168
26460
36885
29710
23447
51834
39470
70167
8408
47084
26244
34408
65431
29006
48214
54203
53016
28284
37522
40157
36777
37186
47666
43801
79480
37342
44301
66985
53456
30938
36498
45990
24201
44202
40463
58805
67152
24203
66400
47137
35060
47493
61444
31232
36875
24524
55642
26525
37185
45496
35969
64141
20661
46969
28827
18341
46674
14343
55446
51585
14790
56187
28479
24532
37528
59167
37734
57201
48052
33950
38709
23804
56344
20082
64281
33149
46796
34210
34929
60995
22445
27489
40208
39136
44331
26848
43849
22363
16566
28763
37849
19852
37203
54877
62949
50603
24023
43796
24484
64061
41507
22729
56866
40399
70035
29426
32607
20290
32723
60151
50105
64969
49998
59458
49867
12911
24825
20143
29606
32207
30691
36443
65269
38111
20549
44054
27668
24066
42796
29699
15386
32520
31665
37156
49551
31057
55313
18607
47497
53406
27282
64078
25971
52060
61050
20382
34067
32611
32530
56942
23965
34375
69904
38600
40891
28455
25521
73143
20625
50283
28902
17614
15458
22662
31109
46305
59635
11958
27566
40644
49354
31639
16483
33924
23126
32197
29296
33014
39534
25798
33869
52723
20884
57600
42425
45595
57972
46605
19412
51465
27729
48519
62218
33429
57212
37710
29863
26396
41898
12322
13071
22810
40668
49579
31168
70042
27183
59691
21869
69596
31634
38759
24225
44657
43074
34322
28803
60107
31185
25205
39969
36922
49904
31603
49799
40567
50084
48643
20741
40342
65560
31308
49564
33172
29127
76793
55768
21812
29009
39965
29626
44368
28582
16731
27724
46679
64570
7324
28377
44344
21128
14775
64950
54982
36829
51054
16611
31446
44861
49168
49732
28717
59980
60675
51576
59466
13056
65515
60977
57479
36212
47044
29191
21440
49776
72181
29705
29312
66889
36851
46219
16520
21689
36189
20196
46196
21673
62181
51534
46579
52775
56393
61267
25385
21330
58078
32071
39323
28932
28153
43515
55523
57223
62445
36669
48420
36156
25505
10461
28673
34750
39618
61409
37561
24300
43291
40295
56806
63496
21268
46570
42173
31623
31772
31773
26060
38664
51434
34104
28206
43983
61451
22397
37968
46528
59449
64022
54346
52080
30133
30494
37699
26817
47252
34607
25464
59705
43268
48074
10882
31929
66133
13180
32122
18348
26872
25124
35712
41124
35902
69132
62947
51015
37995
48461
8488
23023
43099
61043
58839
59999
38567
65840
45015
34319
40940
40116
41434
36470
46451
40717
27416
25271
80509
22721
60007
36380
24431
30575
24919
36272
28158
53830
27416
44542
26455
70448
28409
63675
37300
37085
58123
49205
53976
21425
58289
31330
53566
43413
24520
31988
34534
35463
58169
39169
49276
56654
36435
24154
63222
62907
66570
59381
49573
62217
58017
7414
35370
55871
10864
30862
41010
73157
33864
52340
56905
76225
25693
34705
26029
47557
72435
19969
51954
61626
36503
37864
46325
33344
19110
68650
68499
51446
34263
41220
19069
39612
27890
20145
35201
27515
42469
35646
44509
34243
63909
60306
30144
25390
31229
33706
48119
29532
45930
27651
50977
67788
25892
44724
65990
31716
15131
65209
27511
37650
40684
20489
27255
43269
21855
22787
43065
60191
33165
26912
37780
17841
35872
48050
51322
54400
40150
44089
51542
26934
44768
22167
36427
47640
47880
48486
33384
39011
62066
52667
63337
36511
18697
18213
38877
24583
31248
35877
46343
59327
43659
38036
66931
62219
62249
56519
53439
42848
46304
26450
50655
26380
34380
32379
39977
30014
25256
52940
65464
41676
33061
36219
67800
51966
46863
57531
34099
29760
59954
46682
39658
39275
43776
68028
48132
19255
23917
32279
33387
50405
43781
26664
43400
56068
40412
31564
59351
44730
66528
29662
61860
16500
70190
48587
46766
38134
27060
27403
41187
43443
30700
63106
74678
22199
72680
46007
37617
24459
69779
48042
36739
61642
32812
23636
34637
33167
49493
21876
40154
26782
26861
47889
16313
32846
45742
29330
24503
51560
61494
26598
30694
72783
25631
39225
51091
33252
60879
31299
33451
57343
51727
53350
45071
28035
58880
60929
31653
28145
18165
54874
34699
46447
38423
36684
40102
19327
48699
38047
39854
16835
26724
22103
54992
48303
25851
25720
23552
39582
21879
28760
22242
36500
21458
66585
36291
31912
46949
35344
50626
27742
53373
54303
62841
35227
38413
31048
54916
50759
68638
28234
27390
66111
16157
31868
60990
67922
31853
59880
30358
38258
62470
36918
20204
55378
40966
40268
25206
52364
42440
32881
35773
20638
36366
20579
20576
31363
19239
48137
40048
17280
43032
35947
31528
61872
41689
25266
61320
21136
74880
59041
38181
26491
44473
15877
59195
28702
38259
53870
25792
45353
43163
36341
57200
32129
48017
35687
51719
45668
57683
46935
55861
23689
31979
32772
70612
36959
21536
42204
34310
24356
39713
51100
57101
25740
40292
33985
26527
64403
14891
17570
49097
54097
63364
48637
52779
62355
38254
71549
26039
29126
61978
46310
20240
65855
48344
42479
26920
22300
28405
38040
44352
71412
38835
23281
69155
35815
62759
33363
38876
59882
22533
43958
22799
43532
32177
45184
51561
55005
56838
35249
40972
16844
41823
26408
71275
47399
41620
18915
34012
22581
66268
46333
63801
33048
42006
84828
13390
30017
37920
33388
31283
30043
21322
18337
48949
49251
26629
53257
41427
31640
34700
28885
19169
34845
53016
35814
47058
57432
70235
33958
28536
36245
75968
32003
39611
28688
73278
60648
30164
73925
73623
61158
43662
40145
44440
34139
28723
46232
41905
31072
47961
61511
38152
58172
32761
17991
19014
36429
67943
40407
48887
51028
35858
20957
23478
24296
53113
27012
24892
46442
15635
74496
32002
52564
32912
29337
33146
18659
78265
30797
45921
23302
54125
49005
49998
32400
62338
46150
28763
29018
55796
30784
57587
61152
55210
45548
25959
19181
19612
21914
53949
45467
24441
36094
59420
35601
32867
27152
17027
33333
32238
20491
24626
55893
57696
19475
20900
17818
29814
14074
21901
51074
18651
51887
30314
26600
39819
58027
34768
54325
38918
60216
18674
37645
40408
25620
60622
26695
22075
36038
16558
64297
33059
63022
41951
54954
59554
30797
18487
38763
25799
33326
36138
70406
23599
43027
35852
40042
35788
23930
36394
48188
31488
40350
23550
82716
23379
39725
28228
38896
62177
56268
23321
17492
50897
59414
38252
35468
21226
28702
57280
47394
16569
51643
26537
45002
43315
29515
69108
14783
64116
33887
42413
35231
43964
50481
62101
39550
21448
60840
57107
30332
58180
58349
20487
53892
49499
40104
33378
28220
33678
40832
33828
41121
52484
31138
26640
24450
35798
44235
38014
46361
75795
13350
24060
40152
58406
75323
21194
18330
33524
25040
51294
64569
42741
67990
49552
22073
36872
19351
19319
65725
49796
56050
19671
77904
21952
27404
27017
30588
32468
31407
31597
28979
40030
34909
25964
26408
48466
46655
49660
37993
62287
36219
45734
63813
50258
58245
74047
53240
25713
55533
52757
48037
42075
46085
22000
54510
53311
46791
23229
40381
43959
54291
30584
50478
46744
17877
45976
44703
44139
30314
50599
50666
49460
20038
48248
37710
35562
44322
67960
59997
43314
65762
20550
37852
33776
40865
51036
29618
59121
63707
57147
34097
26148
26120
44361
54083
41728
43262
35599
32520
23933
26073
38379
42668
23529
27072
45537
37433
35602
37117
37571
25445
50482
41884
25757
26076
61541
30007
23941
21209
59995
28655
39769
47538
17101
62621
38820
50513
24778
35412
18101
53212
45522
28584
72433
53772
38487
28949
56942
35185
69072
53451
34092
19265
33013
47180
33394
55511
31880
57286
39615
16620
61212
28078
27515
57837
53500
31355
27276
63215
62760
26381
55560
61680
40124
61264
28242
40943
14619
52978
23677
30736
32097
41883
51593
38512
39970
19024
27873
58143
34950
60095
27875
23137
32533
26286
70952
48881
47797
56201
26486
57644
43773
15446
24508
40289
36401
28310
27023
51329
43022
42143
43683
27083
26314
30988
46465
43003
40054
24376
76785
52260
34986
30811
20502
32828
59762
53127
30581
38611
44167
35993
59798
46710
31576
34583
22001
60020
49297
30458
67635
28227
52220
21084
19528
55006
56911
55684
16558
58699
26583
43375
35841
46609
15430
28673
14070
25242
55816
22691
35832
41924
34059
36918
43337
55072
25578
50119
42260
63674
71743
38944
46744
40006
30752
42616
71041
29241
12656
28429
39542
51804
26385
39905
44330
32673
26067
54086
57670
26704
60621
52320
40154
54910
43408
37343
69681
67657
18597
37679
62016
31681
39740
19764
35571
58588
40445
11746
28771
35030
31637
23252
30039
27402
46664
42818
18781
30030
59903
67503
39200
38959
51448
32992
66626
52778
52333
49737
28757
19619
37297
60322
46911
66862
43058
35402
32187
59456
25235
32692
44492
34132
49314
15503
40815
24732
52301
18336
17775
42780
28048
42573
87764
48659
13874
28440
44880
41473
58119
69031
23604
27347
37586
34252
44087
37831
23912
16126
48361
48660
28127
25026
29844
27210
61994
45327
47969
34276
29285
28146
29855
46788
24107
30379
34698
19534
40835
50783
55106
67145
32721
26937
37679
47683
26182
58908
61145
58463
29277
19921
64742
38373
64288
37218
49121
19616
47559
61537
41712
58744
42293
29299
40818
42040
20450
19777
38251
49175
51172
51222
36957
21688
68430
55281
44633
25173
52898
67977
15813
22006
56495
60555
61421
54850
22975
63687
38001
18107
55745
55727
41515
26711
65964
29054
49353
27172
56751
38359
51933
15390
41650
20137
42877
43140
73489
66420
83956
47311
26725
19007
41902
49886
34326
19448
35559
19801
47210
26275
38033
54281
50254
19875
37476
17916
29313
34111
39574
48241
56915
37399
30839
49186
62480
75464
74182
56273
42525
39627
29160
17101
12453
36205
55613
19138
43100
60664
36691
52315
70692
32978
38594
33684
35387
38124
23983
43780
59006
28535
41657
35908
36520
48513
53360
60475
30763
32463
53879
45554
26734
40764
40069
28758
17000
61746
57837
13930
47053
30101
13727
37941
27071
26938
23514
56427
42014
38695
55119
70559
65807
13941
16599
64272
27044
17540
44966
53051
30231
31403
40894
38958
50717
57910
43360
19941
25851
57766
38119
22574
33078
47357
25150
37382
62903
50370
16593
59163
46577
19734
37401
31818
51612
53138
15570
18835
23966
21864
17669
56915
34150
44086
25117
22599
54576
64018
72981
43684
41964
50595
53675
58762
25909
24405
27116
56650
29605
38835
54074
29739
50109
34026
30917
76598
27029
56166
60373
16730
42581
44423
46575
40239
32086
38522
56818
59250
53755
24921
51402
55531
29856
30373
25527
61315
19533
71187
44205
28025
55355
53919
61679
51579
42376
55225
30317
66787
56109
35717
34165
44515
52402
45467
65008
21776
18759
29868
40510
34336
51009
46667
42853
52501
36220
53916
57992
38434
20908
44480
46648
40985
53237
7999
30273
36438
27500
39592
41369
39230
58844
43091
41962
57137
46554
40873
56355
45155
40187
44558
45335
44485
62595
54245
28426
74774
76064
28217
32383
52832
49025
13659
55284
46688
54451
5235
44726
50810
15974
35966
55198
37771
42768
15946
45938
42286
49855
25964
31511
7744
30269
46430
17224
41810
54797
56889
47369
34550
41116
35752
48844
40623
22573
39963
63247
34546
66236
21369
26654
63664
36229
29391
42313
41090
81370
32593
46572
43407
41578
35199
19699
73101
61433
49069
40863
45357
33599
37902
53876
48131
49609
45783
35725
45075
44537
21923
23991
77904
56306
42810
20284
27105
63106
24286
36577
46227
14703
23228
34440
4989
31312
45762
40747
29097
61310
47516
58602
27300
20742
17728
36462
61363
59892
71655
40239
41615
18534
55765
22909
50600
27802
23559
36619
30077
21668
58557
66128
57853
65346
30977
38146
35220
40476
36233
61823
50021
32534
36691
68133
66176
35922
22695
12298
39786
36525
55817
39019
48303
37512
44243
37603
55589
44226
38019
57318
40088
37410
83426
67920
55853
46424
57327
44661
31210
10186
41902
57808
47563
59546
36863
57326
20972
26564
48478
78097
43184
27473
52730
62079
39043
70021
32567
55867
55516
69689
34807
49075
51593
34654
41158
37489
33173
49483
31431
54577
44548
35541
33445
19859
54417
23304
27196
37043
21037
29566
32686
54279
22006
27099
43836
41802
8044
35281
40410
38883
72051
47818
40746
24908
34992
32871
64491
44257
57063
49746
47603
65710
59503
21089
51659
38005
24021
73820
37452
48794
54749
32335
34231
54018
35267
63580
52567
29831
20956
34967
16115
69510
58708
53370
28443
38043
60532
35678
47542
47728
28869
42168
27849
33318
56509
54809
22888
26851
29187
40214
48505
53081
25103
71567
35723
33162
28367
29063
56646
44196
28623
51745
39314
22202
23016
38766
50589
36782
57495
72421
65650
41027
51305
59020
31293
32096
42716
47074
40839
28261
35879
47575
45648
61660
32605
31879
20627
33136
49844
52268
43018
53078
47930
35157
57728
26100
73200
41512
77211
55724
47350
23965
47104
18817
8624
37845
48378
25362
18680
25000
22831
22288
29268
38503
49294
66412
38389
38389
16295
23204
22383
16234
37125
67439
31158
42809
48354
19000
33192
42662
32904
70300
41948
24519
48947
26994
22753
59954
62292
49477
41144
50114
63902
64797
24806
29968
43492
42434
19437
55970
24139
27434
43413
36554
42470
34096
35608
17626
44290
38456
43589
55665
27570
69798
75969
44054
83142
27056
65138
47669
28401
26644
46623
22593
55242
57119
26025
37163
45008
57626
13910
22487
64420
31213
69308
37881
43941
45017
44854
21132
39779
33321
31616
25058
72095
55522
26684
71641
36041
21751
48264
31196
27608
63099
36205
21278
27917
73409
18199
26668
21947
55204
19894
24388
54575
27032
29351
49457
29166
63245
54406
52433
38676
61301
24109
38959
19932
31026
45540
54296
21183
35540
42739
48390
45326
37944
44317
33738
54385
50181
50100
58478
21982
60889
43702
36428
16200
51937
50653
20705
41121
8901
41687
33192
54668
34641
48143
31119
25700
54948
55185
29131
21732
26658
48917
42832
46684
48831
43504
41417
49719
29200
53701
33478
34962
15383
19270
28215
30136
23450
51763
51310
43558
35341
54355
29063
27464
39067
22538
35339
57040
50106
43985
34222
50934
52355
50127
44542
26737
65163
51267
44748
47218
27008
45694
30739
15947
48123
56471
27971
63432
59257
21016
32687
23508
37166
42390
37615
44767
44071
26087
55735
33503
38079
72056
18946
50992
56487
37107
29301
15827
55712
40975
27046
28927
35018
46371
63789
45216
37663
66193
56707
40483
44812
47471
48750
45435
47102
54392
26177
40296
56080
67082
49492
32109
44554
45754
46616
44605
33008
38984
48285
36995
37791
60921
37812
26731
37964
52211
25292
21301
47853
28074
39421
71283
36280
19700
43064
72624
57276
49294
24191
57083
29950
36970
70252
42207
40135
23326
53155
40234
45135
24560
38377
72137
26775
37605
32955
38085
41189
45836
22159
46672
34903
25109
57655
26581
37518
35541
53617
19324
58557
51666
19342
22849
41943
41131
24202
34219
47600
35113
40898
42980
63709
37797
59432
29652
9555
60516
42554
44034
27320
58459
27234
37739
60497
51810
36677
33172
20673
41662
20526
27087
56636
32411
52511
47860
57538
59931
48936
47198
30523
48582
32605
29256
25183
51197
44197
34543
49920
50997
52832
67812
44309
75007
48651
25233
42000
40465
57940
46596
34417
37656
23386
44672
60919
57905
38532
47377
65064
20455
45286
25775
30219
45943
37604
22163
55396
46437
52828
24629
23976
35239
45210
37274
56514
15367
25628
51270
53915
36403
45261
41723
57974
24848
19741
52956
5878
55909
27793
50510
64582
34990
46660
43481
32388
50413
54110
30681
29723
60804
43206
47252
51549
22520
14931
39187
24403
39730
54175
26019
59776
19967
61647
57135
47611
17662
43051
48547
28180
41534
38473
55328
57113
45961
43132
65043
44163
61388
47591
19527
33701
46285
36548
63093
29808
44576
60041
49403
46000
48765
60417
52113
63893
25303
24704
38776
49895
34566
49623
28061
29697
34328
20496
54316
25450
51151
66636
49571
61209
52497
54744
40738
38774
39101
56480
44227
67832
30831
21222
42720
22895
52041
27356
54935
61598
43270
38968
35881
47839
36516
43151
20013
80304
36757
22606
37101
46414
26603
64067
48812
32512
42939
40567
33597
55179
49031
35685
50416
42492
49289
37194
29452
61953
44171
24203
39706
26251
52779
61602
20041
26732
67171
41644
24271
19233
51654
23073
38997
21361
41708
32694
33347
23930
33881
23150
47635
27076
26022
55128
45186
29926
41111
20140
33371
46956
25476
55491
40092
49982
60693
66589
59030
44622
38491
54618
47914
36728
73819
30889
29796
42593
57041
58322
56062
50854
67943
37311
48347
57044
70276
49603
47644
54358
33621
50440
46897
38290
24584
39486
24724
57008
13470
32703
31355
34262
53092
49200
30314
22618
25952
40709
37951
59784
42640
54924
35412
45658
54102
82212
67466
22230
59186
49967
25137
52474
33152
43637
53350
34446
46036
40950
57222
50570
59358
44966
49224
29663
46965
36135
52740
33942
80688
25653
44414
39625
55444
59813
55672
45070
57054
48419
59162
41815
58348
20394
51908
50964
55023
48305
50876
42514
65067
44552
41755
57359
27959
25469
46947
25342
69355
61671
37298
25870
57087
59212
14579
19240
60754
19252
50209
22598
20237
25842
50360
39883
72230
21950
43340
66071
50949
31388
25396
35154
37935
74524
60565
52821
32226
41781
32961
26270
16349
60756
37797
40683
26168
52002
25101
62328
28910
62965
46661
68254
62293
65046
26367
28425
52963
47343
13089
39405
29881
50834
59414
36357
30520
72487
32762
17523
31848
42469
45484
23247
38953
32847
45573
39661
46830
34876
44545
74351
83997
22421
56126
28247
47734
16449
22710
29062
25374
68005
48362
51872
28291
44471
57894
75185
59924
42895
51185
24657
29463
58653
42898
57503
54476
38079
62339
17492
22885
21277
64675
27685
29240
31543
47670
48231
56396
54998
62462
41598
31541
42095
30556
35095
51610
33988
40708
35653
38816
47125
63006
46947
41454
51574
26316
30384
75450
73264
11785
21586
46851
37686
57815
19904
55205
34926
58764
38497
30263
36377
35823
57695
38879
75780
33062
44789
43734
23132
39924
62018
27142
56701
32020
36942
58790
37747
63850
31385
49989
45180
54420
56580
52226
41935
49822
55111
31108
50580
33410
31693
45493
32337
46022
31990
29605
65210
46480
3081
23464
53071
58378
38480
40033
35193
52641
35883
49094
31783
45453
43765
25060
56097
15844
18604
35627
36929
34094
34574
57955
39275
56824
30322
51794
29937
39364
32278
49851
37326
25391
35677
50651
51282
22194
61423
34873
38222
71107
28174
39825
31011
51066
41981
37397
57760
30142
46573
48288
45757
72196
21806
37049
62461
38491
66609
40441
45580
40434
27054
46371
44207
30914
24075
31208
59712
24638
39228
41491
44831
34602
19758
38122
40620
68766
37771
51622
44910
30662
49409
55179
14912
31992
28529
37323
39124
13864
56479
39477
46279
49886
30897
38803
65617
35667
43247
36694
57083
42855
40630
33287
25443
47657
50267
37260
49595
22128
41006
41713
25829
44530
39319
30890
61947
24558
34154
45665
44349
42651
28374
49491
33569
21286
50083
61671
70900
30509
63682
40081
54295
54512
53755
25115
35489
47096
42985
38368
38347
21240
28080
27586
65987
47496
29987
40681
36357
18438
46063
41894
57953
71051
17877
48016
42413
6332
31999
37554
23591
44708
36832
58547
52641
56895
32872
30772
10703
55763
22157
61851
29668
55792
22283
49916
46841
48454
36688
10834
26700
23852
33001
23092
53622
28840
68241
16455
41963
22147
50746
42019
61006
35208
44452
23450
50308
57346
64029
42092
40358
82104
20837
28766
64765
41443
23579
38789
60123
29846
40226
68058
53618
52278
44274
40628
54063
68016
30109
46689
17439
55753
44888
65257
36261
28474
26440
30560
19852
54940
43649
38155
57776
28727
35097
17822
20381
46035
47411
24343
55195
83347
21389
65725
59061
55593
27410
36583
31791
29456
57162
61268
12844
66898
31367
33388
18277
23554
38042
24293
51058
59081
67553
29596
46305
23738
22551
40389
26217
34389
50048
29611
50525
60442
33978
34705
61690
36686
26425
29431
55951
35580
45718
28524
43172
34122
46041
60215
45262
28091
14967
58022
56389
58090
43738
15589
39012
50360
53503
30556
38838
21071
55762
30966
59857
35389
51550
50841
41395
49159
27869
18866
39940
57772
32922
60972
37183
37436
22420
33236
46238
39887
41502
56967
25116
29059
20992
47392
43571
38470
56426
36264
57114
47024
35394
39823
41398
34782
42753
42369
42784
65038
41070
41575
58298
59920
36696
21928
64051
46576
16548
31442
38248
37581
45104
34146
55296
23356
46884
46795
48312
44032
41849
47008
54117
30794
31156
45141
28799
66638
28266
12761
66488
28215
41507
60727
40474
30276
21590
23632
29804
53552
26784
59503
51849
51073
47335
33055
60745
44812
39685
39743
37491
37689
50153
59990
45607
23834
41395
16157
36577
41005
32440
53552
55290
19323
39689
42933
20961
36481
26396
48994
50475
56029
55064
36370
39136
38567
48565
36688
31454
20697
24359
49160
36372
23711
46094
17626
16827
49876
51464
26507
53610
39254
38821
67729
23785
19465
20894
43625
19340
35275
52001
39146
36445
65375
20377
40497
41274
42147
64209
30891
35017
47344
55101
40456
53627
35113
26917
55770
30540
47230
51118
23312
39486
49756
57876
30997
43649
50694
44740
21332
30586
41936
49056
43787
28392
37187
55597
52240
46179
33352
31875
72890
40683
57303
59350
32134
48733
52382
21174
29745
23930
52212
24448
39419
68054
23506
24250
34345
19694
32724
50331
31973
21883
36277
59901
18365
18375
58542
23402
35584
25258
46234
54837
51179
27154
40015
55900
48360
28831
21797
21454
48744
64492
28015
46475
34260
39538
58128
65686
18539
22727
41182
38835
49814
22938
51321
40790
26204
30625
30454
36053
23584
41421
62618
42361
32687
65161
20331
44502
40743
16852
21161
48977
41027
64817
61120
12709
39366
40056
52707
61326
51883
36532
46587
54670
25169
33555
34416
34750
66884
42283
33989
38873
27490
54627
20258
45050
39051
19792
53784
31893
44970
52368
29990
48215
25275
24429
50428
25339
29781
44639
58925
69747
35137
37228
16537
51210
20514
44600
49413
48881
59014
40491
46407
42415
30722
25841
35988
27191
47313
42662
38575
33604
63631
41565
49385
39711
26135
39205
31106
32177
42700
51266
60071
25124
80954
66410
23277
22048
70360
24431
53840
22815
55285
35308
19127
37134
26897
20587
40231
22397
51200
57011
38212
28085
14249
57448
53093
74291
60363
46442
42171
39450
64668
32337
27712
59017
25825
27377
90853
52643
69987
81012
42656
32072
29566
51561
27092
49024
36097
29386
21639
63588
58745
47278
24279
52945
36533
29038
60329
37336
56151
53432
23934
33716
42299
34882
24323
46099
26742
31075
41135
52963
29534
27311
60139
53594
58692
32169
29965
46054
54313
53972
34406
61706
51777
72802
39620
30191
46013
32939
25842
36135
24773
39740
34028
47146
75032
24293
31470
47889
44341
22805
38970
23593
41024
35831
24067
40797
23414
36485
24309
32847
28794
30300
68386
46926
37834
27824
22740
34450
27334
32413
29089
33986
35803
40255
49565
39432
38820
60675
42686
79432
41522
39184
31384
38591
15802
49214
23901
49040
12537
37808
22165
42121
54550
87032
32383
16098
35252
35018
38469
56765
41236
48345
23268
48585
81405
24527
75164
16249
62655
59902
59278
53654
31822
47045
24678
20600
35330
25252
22917
24342
23454
36977
40652
33013
37943
51309
33317
26633
69862
31998
64137
26552
47711
50884
67338
35954
35210
51632
70961
28056
45410
66362
50127
28739
29256
47388
35039
32237
37855
72284
23670
33794
26904
30137
52427
28412
28773
25776
45228
29250
49277
61511
55167
28880
31495
54775
41390
54280
32566
32765
46500
26626
33978
38459
62863
39362
28867
60114
23857
48348
33673
32553
41770
31803
39729
57161
58055
57965
31110
18962
54713
43649
57978
53708
64614
64999
42365
57675
47233
6538
26904
36594
20754
47639
46064
69474
10065
20429
40981
63167
19637
37353
57289
22744
51566
31005
20865
28080
32695
24636
40254
23907
54114
54574
20053
45691
37702
19541
20692
30475
52187
53040
30251
43254
29069
37019
23706
51625
52390
13305
41613
27625
83848
37535
44248
33549
25426
35319
34185
48123
26198
29596
53805
45879
48622
53738
25866
33137
28770
49060
46204
32308
10824
25102
57632
21227
28499
24908
26030
44584
26183
22338
36114
33551
29481
73399
37134
32419
49151
51986
45295
54654
41624
60563
38289
30408
33721
63540
33777
28594
44763
70892
19888
50096
36726
15199
40164
32081
22956
30835
61760
61772
43591
41837
16299
43427
39294
54743
41731
30843
45986
31938
30098
63293
26380
62187
30452
46595
18981
47454
32302
37044
44299
32178
25016
40043
26466
16700
20097
35465
36493
41588
55893
38233
22412
36885
25752
37476
37693
44959
50333
46390
32408
47311
22504
54079
33561
50639
47783
50490
46557
41954
43189
51357
28359
31897
53744
42092
52413
48425
54948
40090
34169
54116
42161
66207
51562
86387
33426
31459
42931
42189
24110
39484
29161
69723
54532
41786
26875
64222
40098
33005
48379
43405
26028
36826
42066
28113
45255
24420
42628
38801
36992
55923
41012
58842
32597
32589
51019
19640
54980
32512
24761
54370
43540
56535
29125
23518
57658
38756
61557
27785
85348
26462
40305
22821
32398
92351
48984
57069
51302
42592
30317
60544
34162
37522
47789
43532
41327
54850
34676
54424
48093
59788
40848
68599
39343
30704
25217
56938
46015
36336
37514
37069
75641
40324
38901
51398
28305
27635
36868
34841
28392
17947
23952
53054
55452
48783
32921
52683
18554
26404
38364
23472
11375
52767
67285
65098
41206
60219
17801
17617
50159
19298
30032
32146
21266
38164
37615
22675
54050
48968
33931
26097
51701
45527
27311
24361
18827
17332
41609
26906
48464
50472
22976
56636
32723
31515
36627
25020
22049
72395
20599
32772
30892
19845
40711
29676
49769
23833
58714
82426
65596
26486
14093
36819
36230
31288
52290
47460
41888
30771
75814
46644
57098
61005
62379
42792
77153
20772
25237
25168
34116
24590
62027
39652
37186
56140
51866
28946
33995
33036
27945
53199
82455
27388
64183
33023
25231
40922
43351
53966
47199
23014
30077
23446
31637
12255
56282
65430
33280
24966
34914
35381
33563
37340
21193
59423
27665
57005
28867
68300
37678
44721
24039
36586
50600
51006
38013
54585
22247
46472
19805
44799
58560
35832
78088
77908
20518
19798
24871
44972
19801
67861
86686
18003
45989
29968
24266
64070
58206
54042
41183
34998
20842
38165
36771
36137
33077
22041
39499
62653
38701
57278
46370
44725
23211
20355
76877
36734
40227
29227
56848
60703
41148
37511
63365
41205
39700
37875
68049
33163
26525
18589
29234
54645
52306
58605
44515
47553
37327
48503
71283
24178
27916
32664
20213
34127
29415
42085
31351
63204
48302
58500
34928
38895
25888
28418
18939
44482
63837
38610
12194
34969
38021
54717
56758
25797
62556
28580
75778
44090
82696
52289
46860
43395
38023
48931
31605
46323
42310
53153
39997
20972
60954
58937
21965
24961
48508
15367
46107
43995
49029
33938
44587
60424
26625
26168
36646
33241
53649
13104
81546
43278
15766
22914
39729
38601
45256
63646
52388
54266
29583
28874
23224
59596
61703
58627
47392
64194
44533
60693
39285
29439
42657
27537
56172
52532
33889
38539
67890
18559
40358
24642
51776
62895
64032
13841
22133
70297
29362
20200
41680
32540
31715
33893
40222
56473
53196
43097
45209
55837
43711
50948
61660
46777
