0.032768
0.0312
0.03072
0.031712
0.032448
0.031936
0.031392
0.031936
0.03168
0.032192
0.032576
0.032576
0.032672
0.032288
0.031136
0.032576
0.032576
0.032576
0.031456
0.032192
0.03168
0.032192
0.03232
0.03168
0.032896
0.032512
0.032352
0.032384
0.031936
0.03104
0.031168
0.033792
0.032288
0.03248
0.03232
0.032672
0.03232
0.032192
0.031136
0.031616
0.032864
0.030816
0.030912
0.031072
0.03152
0.032448
0.033824
0.032544
0.0312
0.032384
0.031168
0.032544
0.03248
0.031392
0.032768
0.032096
0.031072
0.032512
0.032192
0.032768
0.03184
0.032576
0.03216
0.032288
0.031872
0.031072
0.030848
0.03136
0.032736
0.034368
0.031488
0.031264
0.032768
0.032448
0.032544
0.032224
0.032768
0.031264
0.0312
0.031712
0.032352
0.031072
0.03264
0.032768
0.031552
0.031744
0.032
0.032512
0.03264
0.031936
0.032352
0.031488
0.032256
0.031936
0.031072
0.032032
0.032448
0.031712
0.031616
0.032032
