0.085568
0.084256
0.088064
0.08544
0.084416
0.088064
0.084768
0.087872
0.084608
0.084736
0.084032
0.083712
0.083648
0.082432
0.098304
0.086016
0.08832
0.087072
0.087328
0.085792
0.08416
0.089568
0.087552
0.087328
0.083968
0.082272
0.083904
0.083904
0.084224
0.08304
0.082624
0.117504
0.083776
0.09184
0.085984
0.086912
0.087648
0.087488
0.084032
0.088064
0.08464
0.086976
0.085504
0.086176
0.08432
0.08496
0.083968
0.08336
0.083456
0.105856
0.083968
0.086304
0.08592
0.087744
0.087328
0.085216
0.086912
0.083424
0.085696
0.0872
0.085344
0.087136
0.085248
0.083296
0.084704
0.082048
0.084288
0.108384
0.086016
0.087232
0.088608
0.087072
0.085472
0.087488
0.087808
0.084128
0.089088
0.086592
0.084416
0.084384
0.085952
0.092224
0.084352
0.081344
0.083584
0.09392
0.085696
0.088064
0.087808
0.085248
0.087936
0.085504
0.085184
0.087424
0.0848
0.08608
0.088928
0.082912
0.085696
0.090528
