0.135168
0.145408
0.145344
0.143616
0.145408
0.144352
0.1264
0.111296
0.133728
0.133952
0.12688
0.129056
0.120544
0.161824
0.132832
0.131328
0.145408
0.132576
0.131648
0.133216
0.136032
0.139008
0.150912
0.146784
0.128096
0.126976
0.12896
0.137312
0.119072
0.126976
0.159744
0.123136
0.148256
0.14256
0.136576
0.116416
0.135008
0.14144
0.129632
0.124672
0.147808
0.151712
0.142112
0.14192
0.125312
0.124096
0.12768
0.173632
0.125536
0.129824
0.114752
0.149504
0.125792
0.137696
0.141312
0.125248
0.143392
0.147392
0.136192
0.14192
0.134208
0.113088
0.12144
0.121632
0.134624
0.134944
0.126336
0.13056
0.118688
0.131168
0.134656
0.146624
0.133664
0.126976
0.125248
0.133312
0.131648
0.122336
0.131744
0.125856
0.12896
0.170944
0.129952
0.139264
0.141312
0.145248
0.120032
0.145152
0.136992
0.117472
0.132064
0.14224
0.135392
0.124864
0.129024
0.13808
0.12912
0.126336
0.15664
0.135168
