0.059552
0.061248
0.06112
0.065856
0.062208
0.06144
0.063488
0.064032
0.058176
0.063936
0.063776
0.059936
0.077184
0.058208
0.058848
0.059392
0.062688
0.059488
0.057504
0.089344
0.064064
0.060544
0.063808
0.086528
0.060384
0.059392
0.059872
0.06144
0.06144
0.065664
0.059936
0.08624
0.058112
0.059392
0.065088
0.06144
0.070816
0.06144
0.076
0.06752
0.072288
0.063136
0.075328
0.05856
0.062752
0.058112
0.06048
0.059392
0.06
0.0632
0.063168
0.063488
0.059808
0.063648
0.24576
0.063584
0.06112
0.063072
0.072544
0.063488
0.065664
0.061472
0.076736
0.069632
0.099264
0.081728
0.079712
0.075008
0.060672
0.086016
0.064768
0.065536
0.061568
0.065888
0.057728
0.06736
0.064928
0.066944
0.059392
0.067584
0.065312
0.071104
0.075296
0.067584
0.059552
0.059136
0.058432
0.061184
0.070944
0.059968
0.100224
0.067584
0.061472
0.064448
0.073664
0.068992
0.074208
0.060576
0.082432
0.063648
