0.052128
0.04992
0.05008
0.05088
0.052768
0.05488
0.053472
0.0496
0.049152
0.052032
0.052096
0.049792
0.05056
0.049152
0.052064
0.04944
0.053248
0.04928
0.05104
0.053056
0.050752
0.052128
0.047104
0.051136
0.051328
0.0512
0.056096
0.052992
0.04864
0.049632
0.053696
0.049856
0.048608
0.047712
0.050848
0.0488
0.04912
0.053728
0.053248
0.052736
0.057024
0.05088
0.047584
0.04768
0.050464
0.050464
0.048672
0.048448
0.051776
0.050496
0.053312
0.049088
0.050464
0.048736
0.053248
0.054144
0.049504
0.052032
0.049152
0.05104
0.048608
0.050432
0.0512
0.05296
0.05328
0.049344
0.051296
0.051168
0.052608
0.049408
0.049152
0.050624
0.053792
0.04928
0.052544
0.049024
0.0512
0.049312
0.04864
0.047552
0.04912
0.048448
0.052064
0.047584
0.051168
0.05088
0.04752
0.0512
0.049824
0.049888
0.051168
0.049152
0.049152
0.048928
0.051168
0.049344
0.051296
0.050784
0.05504
0.048064
