0.135136
0.119232
0.129792
0.129056
0.122976
0.123456
0.118784
0.121088
0.121664
0.117088
0.114688
0.114272
0.1144
0.139936
0.118784
0.133984
0.129888
0.1216
0.119232
0.11648
0.124608
0.126976
0.124928
0.119168
0.123968
0.126784
0.112768
0.109792
0.12112
0.112384
0.161536
0.114176
0.124928
0.1216
0.125024
0.117408
0.117568
0.120672
0.130464
0.122848
0.129024
0.125024
0.13504
0.121344
0.128864
0.118624
0.110592
0.151392
0.124864
0.11824
0.117568
0.135008
0.116448
0.12336
0.124896
0.131008
0.128832
0.119456
0.117056
0.126336
0.129024
0.109056
0.106336
0.113056
0.13104
0.127744
0.115104
0.120288
0.122464
0.125024
0.118848
0.127488
0.139616
0.120832
0.134112
0.120864
0.126848
0.119552
0.131552
0.10928
0.119424
0.176128
0.110784
0.117056
0.118784
0.121664
0.124832
0.129088
0.115936
0.126112
0.12304
0.127008
0.128864
0.12656
0.119936
0.127008
0.108128
0.110816
0.14336
0.118784
