0.053248
0.047552
0.053216
0.04992
0.049024
0.049504
0.0512
0.051264
0.049344
0.05104
0.065472
0.0512
0.049152
0.049056
0.05344
0.0568
0.04912
0.051424
0.052288
0.05088
0.049792
0.0512
0.053568
0.0512
0.0512
0.054432
0.052448
0.04992
0.050848
0.050208
0.052128
0.052928
0.0512
0.05792
0.052928
0.053248
0.0512
0.05184
0.0512
0.05488
0.0512
0.049728
0.053184
0.050912
0.050272
0.048416
0.049568
0.048736
0.055392
0.053248
0.048128
0.05728
0.0496
0.053184
0.05248
0.0512
0.049952
0.04832
0.051328
0.052064
0.051328
0.0496
0.05008
0.048256
0.0512
0.0512
0.051712
0.049216
0.047296
0.053984
0.051424
0.049248
0.048704
0.056768
0.04784
0.050912
0.059808
0.052128
0.054144
0.0512
0.053152
0.0512
0.0512
0.05712
0.049792
0.053216
0.047712
0.05168
0.05024
0.049312
0.051168
0.049152
0.05008
0.051168
0.052896
0.050496
0.052544
0.0512
0.052032
0.052512
