0.116672
0.113472
0.118496
0.118624
0.117408
0.120832
0.122464
0.113504
0.110592
0.11632
0.134944
0.117728
0.121568
0.124928
0.12288
0.120832
0.12288
0.120512
0.120832
0.120768
0.122688
0.11712
0.121664
0.127296
0.108768
0.106304
0.109408
0.154464
0.11408
0.124704
0.120832
0.122272
0.12208
0.127296
0.113984
0.12704
0.122144
0.1272
0.124608
0.118784
0.114752
0.116384
0.116416
0.112448
0.144064
0.112672
0.116512
0.116032
0.119008
0.120512
0.114688
0.122176
0.117088
0.111488
0.122016
0.120832
0.119552
0.110592
0.117024
0.108704
0.112416
0.107648
0.149504
0.120224
0.11216
0.124608
0.116832
0.12064
0.119648
0.132544
0.120832
0.129408
0.118208
0.127424
0.118784
0.123296
0.113536
0.114688
0.115008
0.155296
0.10544
0.122784
0.125056
0.118944
0.12288
0.122816
0.127488
0.117376
0.117568
0.119712
0.127712
0.110592
0.108128
0.126752
0.188672
0.110592
0.14432
0.109024
0.125248
0.120768
